1.060300 3.617500 196.760100 91 48 67
1.061400 3.633600 196.743300 48 36 30
1.062000 3.616800 196.768200 61 54 51
1.062600 3.617100 196.767000 87 55 72
1.062600 3.617100 196.770500 48 64 44
1.062800 3.617200 196.772500 106 76 65
1.064000 3.638000 196.741400 43 34 24
1.064400 3.638100 196.743500 47 47 36
1.065300 3.639700 196.744600 59 45 38
1.066100 3.617300 196.775100 63 52 32
1.069000 3.639000 196.747200 60 49 43
1.069200 3.637900 196.748700 40 50 27
1.070600 3.637400 196.749700 64 47 29
1.071700 3.636800 196.750300 44 46 27
1.072600 3.636100 196.752500 38 37 22
1.077100 3.636900 196.756200 25 38 21
1.032900 3.679800 196.761300 33 43 8
1.033200 3.684600 196.759700 54 25 33
1.033700 3.677900 196.763000 75 12 25
1.053600 3.660800 196.732200 65 56 46
1.054000 3.655400 196.732500 64 51 51
1.054300 3.654400 196.732400 41 38 46
1.054400 3.656700 196.733200 76 45 48
1.054400 3.666000 196.732800 67 47 51
1.055200 3.677800 196.733800 30 52 39
1.055300 3.683200 196.733900 48 55 35
1.055500 3.667500 196.734100 41 52 40
1.055500 3.672200 196.733900 58 54 51
1.055600 3.653700 196.733200 52 47 56
1.055700 3.668800 196.734600 52 43 45
1.055800 3.682500 196.734000 48 42 23
1.056400 3.684900 196.735300 49 56 33
1.056500 3.679500 196.735300 38 65 51
1.056700 3.673900 196.735300 58 54 45
1.057100 3.670700 196.736300 75 55 62
1.057500 3.675400 196.736400 48 57 38
1.063300 3.642100 196.742100 58 47 27
1.063500 3.644400 196.741300 17 40 46
1.064700 3.643800 196.742000 57 52 65
1.066000 3.642100 196.744100 48 29 16
1.066300 3.641200 196.744100 67 38 25
1.067700 3.640700 196.745000 64 38 25
1.013700 3.722600 196.757000 112 75 58
1.013900 3.721500 196.756700 57 65 27
1.014100 3.725300 196.760000 52 47 17
1.014200 3.722900 196.759100 50 42 30
1.014200 3.724100 196.759700 56 40 24
1.014500 3.721800 196.759100 65 45 34
1.014600 3.723100 196.756000 105 48 58
1.014600 3.724300 196.761800 32 21 13
1.014800 3.724400 196.758500 87 51 38
1.015100 3.725800 196.759200 76 49 37
1.015300 3.721100 196.759400 57 49 39
1.015500 3.708800 196.756800 81 77 63
1.015500 3.710000 196.757100 78 63 47
1.015600 3.722300 196.756500 83 53 45
1.015700 3.710100 196.755700 80 53 58
1.016300 3.708000 196.757000 62 55 47
1.016300 3.709200 196.755800 90 70 84
1.016400 3.712600 196.762300 43 29 29
1.016800 3.695700 196.756500 85 73 53
1.017400 3.714200 196.761900 72 27 41
1.017600 3.708600 196.756500 70 62 55
1.017900 3.696200 196.762700 15 62 17
1.018600 3.714800 196.761300 54 31 19
1.018900 3.695600 196.763300 9 47 17
1.019100 3.714000 196.759600 56 50 14
1.019700 3.710900 196.757100 70 40 48
1.020400 3.707800 196.767100 30 42 24
1.020500 3.709000 196.767600 45 36 23
1.020700 3.710100 196.768100 47 30 22
1.021400 3.705900 196.767100 28 28 19
1.021500 3.703700 196.768100 69 40 42
1.022100 3.698200 196.757900 61 43 30
1.022200 3.697200 196.757600 63 43 39
1.022200 3.701800 196.769800 55 34 34
1.022400 3.716700 196.763000 69 37 25
1.023800 3.708300 196.766300 31 42 23
1.025600 3.690400 196.752500 70 35 56
1.026300 3.697900 196.760900 61 37 47
1.029400 3.706400 196.754000 27 33 33
1.030800 3.705900 196.754900 24 29 30
1.031500 3.687300 196.757600 30 24 28
1.031500 3.701600 196.755600 19 23 10
1.031600 3.690800 196.757100 35 34 25
1.037500 3.724100 196.773500 38 42 39
1.038900 3.723700 196.774300 59 42 37
1.048700 3.698800 196.737800 58 64 45
1.049100 3.700200 196.736800 58 38 34
1.049400 3.731100 196.733800 48 19 18
1.050600 3.723700 196.733800 33 30 29
1.051700 3.716000 196.733700 56 52 43
1.052400 3.709100 196.733500 62 50 42
1.052500 3.710400 196.734100 52 47 14
1.053200 3.702100 196.733400 69 63 31
1.053300 3.693900 196.732500 55 55 40
1.054200 3.695500 196.733700 41 20 0
1.054600 3.688700 196.733400 81 55 58
1.015000 3.765800 196.767300 28 26 11
1.015100 3.767000 196.767900 16 29 22
1.015200 3.738700 196.751900 34 30 25
1.015200 3.740000 196.752300 42 35 15
1.015900 3.771000 196.771800 47 17 32
1.016800 3.769200 196.769900 17 28 18
1.017400 3.773100 196.773600 31 26 24
1.017600 3.770800 196.771100 17 29 16
1.018200 3.774700 196.774800 24 23 16
1.027900 3.741800 196.757000 36 17 29
1.035400 3.740900 196.758700 48 24 14
1.046800 3.741800 196.732200 33 34 27
1.047200 3.743200 196.733100 21 37 27
1.047200 3.746900 196.732600 52 42 38
1.047300 3.740700 196.732200 48 33 29
1.047500 3.744500 196.733700 24 42 32
1.048300 3.746200 196.734900 8 22 18
1.048400 3.736400 196.733200 47 32 29
1.048600 3.750000 196.734700 41 35 33
1.048900 3.748900 196.734500 48 38 31
1.050300 3.752000 196.736600 41 34 33
1.052300 3.754200 196.738800 18 30 22
1.052900 3.763200 196.744200 46 31 28
1.054100 3.766300 196.746100 42 20 28
1.054300 3.771500 196.746400 54 22 29
1.054400 3.767700 196.746900 29 17 17
1.055200 3.774400 196.748100 34 18 22
1.055300 3.770700 196.746900 50 18 25
1.055900 3.757300 196.742400 28 32 18
1.056300 3.757500 196.744500 31 31 24
1.057900 3.759500 196.744600 47 25 9
1.058600 3.761100 196.745700 45 34 7
1.058700 3.775000 196.750800 16 9 13
1.058700 3.775000 196.761400 32 31 23
1.059600 3.767900 196.748800 34 31 40
1.061500 3.767700 196.750100 43 37 29
1.062800 3.767100 196.750800 58 29 27
1.064700 3.765500 196.751600 43 34 16
1.065000 3.767000 196.752300 60 37 30
1.068200 3.769900 196.753800 26 31 11
1.069700 3.771900 196.755600 44 24 18
1.052100 3.777500 196.745300 32 28 31
1.055500 3.781700 196.772200 40 23 27
1.055900 3.783100 196.773100 38 18 33
1.057300 3.779200 196.749600 44 20 21
1.057800 3.780600 196.768100 26 28 14
1.058300 3.779700 196.757500 53 40 25
1.058300 3.779700 196.759300 38 30 16
1.059400 3.783700 196.750900 55 23 18
1.066200 3.785100 196.774000 40 28 36
1.066500 3.782800 196.766200 40 41 18
1.068200 3.785000 196.771700 42 30 34
1.069100 3.780400 196.767100 21 34 27
1.069500 3.784400 196.772400 20 37 25
1.069600 3.782000 196.769800 34 36 17
1.069800 3.784600 196.770900 37 28 19
1.069900 3.779700 196.767400 32 40 38
1.069900 3.783400 196.770500 37 31 16
1.070100 3.778500 196.765300 33 31 25
1.070500 3.781100 196.766600 46 28 25
1.071500 3.779300 196.764800 40 25 19
1.071900 3.780700 196.765600 40 28 12
1.072200 3.780900 196.767700 32 28 21
1.026600 3.628800 196.811800 74 40 50
1.027100 3.628000 196.812000 49 15 22
1.027700 3.627100 196.817600 35 28 20
1.059000 3.616900 196.792600 53 40 38
1.060600 3.617600 196.795900 88 43 47
1.061500 3.616700 196.789100 67 42 51
1.061700 3.624800 196.799000 41 33 42
1.062200 3.616900 196.791500 86 60 60
1.062300 3.617000 196.793500 61 59 43
1.062600 3.607800 196.807000 60 41 38
1.063000 3.617200 196.795900 81 45 39
1.063000 3.624300 196.800000 43 41 31
1.063400 3.608100 196.805900 42 42 20
1.063500 3.616300 196.776400 62 42 24
1.063800 3.617500 196.807400 77 33 24
1.064000 3.616500 196.778600 67 47 30
1.064000 3.617600 196.809400 50 17 11
1.064200 3.608400 196.804900 45 43 28
1.064400 3.608500 196.790700 22 29 31
1.064600 3.608600 196.789000 19 33 12
1.064600 3.616700 196.775500 44 36 10
1.064700 3.608600 196.792700 41 44 16
1.064700 3.617900 196.806500 41 32 21
1.064700 3.619200 196.801400 107 34 40
1.064900 3.608700 196.787500 37 37 30
1.065200 3.607700 196.809100 25 27 18
1.065400 3.608900 196.786200 36 12 12
1.065400 3.617000 196.814000 22 20 10
1.065400 3.618200 196.805300 43 37 16
1.065600 3.617100 196.781800 81 66 17
1.065600 3.617100 196.812300 52 34 15
1.065800 3.609000 196.804500 48 15 19
1.065800 3.616000 196.817700 31 23 12
1.065900 3.617200 196.810800 52 31 27
1.066200 3.608100 196.808200 16 23 6
1.066400 3.608200 196.790400 21 24 19
1.066600 3.608300 196.792400 34 16 24
1.066600 3.616300 196.816600 43 41 23
1.066800 3.608300 196.789000 23 25 10
1.066900 3.608300 196.794400 16 21 3
1.066900 3.608400 196.807100 21 26 18
1.067000 3.608400 196.805300 41 18 22
1.067100 3.608400 196.787400 37 14 12
1.067100 3.608400 196.803500 19 16 0
1.067200 3.608500 196.801800 19 12 1
1.067200 3.617700 196.785000 61 42 40
1.067500 3.626000 196.805800 37 42 21
1.067800 3.625000 196.809500 52 48 47
1.069100 3.625500 196.807000 47 41 22
1.070300 3.626000 196.809900 40 31 23
1.073700 3.619200 196.787000 63 38 37
1.073700 3.619200 196.788800 70 45 37
1.074100 3.624200 196.816000 60 17 33
1.074800 3.624400 196.818400 16 14 12
1.075100 3.626900 196.814000 25 36 15
1.075500 3.625800 196.815800 66 35 32
1.075900 3.624900 196.815800 71 38 39
1.036700 3.728300 196.777900 48 44 34
1.039300 3.728300 196.779800 56 43 27
1.049000 3.706200 196.784500 51 47 39
1.062300 3.727000 196.794700 50 33 34
1.012500 3.772600 196.803100 8 6 7
1.013000 3.774500 196.806800 15 6 13
1.013400 3.776000 196.810500 22 12 7
1.013900 3.767200 196.795200 25 6 1
1.014300 3.768700 196.798900 23 6 4
1.015400 3.772600 196.803200 41 6 13
1.016100 3.765600 196.794900 27 15 0
1.016600 3.776200 196.817600 70 38 45
1.017000 3.775300 196.815700 44 46 25
1.017400 3.770200 196.799500 37 18 7
1.017600 3.775600 196.776500 38 24 24
1.018500 3.774300 196.803800 17 12 10
1.023800 3.751700 196.791500 57 37 29
1.026800 3.758200 196.798000 56 42 29
1.028400 3.749300 196.792200 51 52 33
1.029800 3.762300 196.803700 43 43 28
1.035000 3.769700 196.810500 47 33 22
1.041100 3.732700 196.791800 67 47 52
1.043400 3.745000 196.778300 58 42 39
1.043700 3.735300 196.793000 54 42 29
1.047500 3.751800 196.802000 51 51 36
1.048000 3.735100 196.810600 43 38 35
1.055000 3.747200 196.805800 47 30 27
1.056500 3.747900 196.809000 54 52 40
1.057300 3.736100 196.805200 65 37 39
1.059600 3.740900 196.806900 56 43 37
1.060600 3.738900 196.808800 54 35 31
1.066300 3.743000 196.812700 68 40 37
1.071000 3.744100 196.816600 65 41 30
1.014600 3.785000 196.787000 30 23 14
1.015800 3.789600 196.793300 25 27 11
1.015800 3.790900 196.795700 38 26 25
1.015900 3.782000 196.783200 45 25 23
1.016000 3.784600 196.786100 36 21 15
1.016500 3.787300 196.791100 15 15 5
1.016600 3.792600 196.798700 59 26 35
1.016900 3.781400 196.781900 38 28 38
1.017100 3.786400 196.787600 30 21 23
1.017200 3.789100 196.792300 49 33 25
1.017400 3.778000 196.779100 44 18 10
1.017500 3.782900 196.782900 33 24 24
1.017600 3.784200 196.785200 49 23 30
1.017700 3.779400 196.779900 34 21 13
1.018500 3.788400 196.791200 27 21 12
1.019600 3.777900 196.811300 10 9 16
1.021200 3.791300 196.794400 26 35 20
1.030300 3.791200 196.791900 26 23 27
1.032400 3.791100 196.791600 31 16 12
1.034500 3.793500 196.794100 28 16 17
1.036600 3.793400 196.793800 29 28 13
1.037500 3.792700 196.792300 28 27 32
1.038000 3.795500 196.795500 12 14 4
1.039300 3.794900 196.794500 2 5 14
1.039500 3.793800 196.792400 19 14 7
1.040200 3.792900 196.790700 20 17 8
1.041500 3.792400 196.789700 43 1 3
1.042000 3.791400 196.787900 15 10 0
1.044200 3.791300 196.787500 26 9 13
1.046800 3.787700 196.782700 12 21 13
1.048800 3.787600 196.782200 27 29 13
1.051900 3.786800 196.780600 57 37 34
1.053200 3.785100 196.777300 36 30 15
1.053800 3.786600 196.780000 35 29 24
1.055600 3.785200 196.777200 34 28 34
1.057600 3.785100 196.776800 36 35 38
1.060900 3.788100 196.780300 18 25 29
1.070900 3.787600 196.776400 60 26 47
1.027900 3.627200 196.821400 68 35 27
1.028400 3.627400 196.820100 23 41 14
1.028600 3.626500 196.821800 62 33 24
1.028800 3.626600 196.823800 64 24 24
1.029700 3.626900 196.821000 44 20 10
1.030000 3.627100 196.826800 70 37 38
1.031000 3.627500 196.851900 41 35 20
1.032000 3.627900 196.851000 42 31 21
1.032000 3.627900 196.854800 21 32 4
1.032400 3.628000 196.831000 51 32 38
1.032400 3.629100 196.829600 62 30 22
1.032600 3.629100 196.859400 26 25 24
1.033100 3.628400 196.833500 50 41 36
1.033200 3.628400 196.835500 47 33 33
1.033300 3.627400 196.835300 46 27 27
1.034000 3.629700 196.857100 28 35 10
1.034100 3.627700 196.845200 55 27 19
1.034100 3.628800 196.858700 40 27 13
1.034200 3.629800 196.833100 77 35 32
1.034400 3.627800 196.834400 53 35 34
1.034600 3.628000 196.849500 16 23 13
1.034700 3.628000 196.851400 37 30 5
1.034800 3.628000 196.844100 50 37 21
1.035200 3.628200 196.848200 46 33 39
1.035400 3.628300 196.839100 36 26 13
1.036100 3.628500 196.841600 27 20 1
1.036100 3.628600 196.856600 43 31 21
1.036300 3.628600 196.843700 31 28 10
1.036300 3.628600 196.858600 54 29 25
1.036400 3.630800 196.837100 52 45 37
1.039600 3.628900 196.859700 54 29 23
1.043100 3.629200 196.860900 42 33 48
1.045200 3.629000 196.860700 49 57 24
1.046800 3.630800 196.847700 43 15 22
1.047600 3.631100 196.850200 26 16 19
1.048200 3.628100 196.857300 43 43 24
1.048500 3.629300 196.861600 72 47 35
1.050300 3.627900 196.855100 64 41 53
1.051400 3.627300 196.854000 62 36 59
1.052200 3.628600 196.858900 49 63 43
1.052300 3.638500 196.849200 60 48 8
1.053100 3.628000 196.857600 43 24 44
1.054000 3.627300 196.854300 29 22 2
1.054900 3.639600 196.853600 68 47 27
1.055100 3.626600 196.851200 49 20 15
1.057600 3.619800 196.849100 53 47 30
1.057900 3.619900 196.821700 45 41 29
1.058500 3.621300 196.822600 47 23 15
1.058700 3.619100 196.823900 52 41 18
1.059700 3.619500 196.850800 59 55 41
1.060000 3.620800 196.825500 38 34 16
1.060100 3.621900 196.851900 72 21 30
1.060500 3.626500 196.844500 59 36 27
1.060700 3.626600 196.842800 35 36 50
1.060800 3.626600 196.841000 27 50 51
1.063200 3.622100 196.830400 57 30 12
1.063400 3.623200 196.830900 17 18 0
1.063800 3.626800 196.838000 43 61 18
1.065200 3.626300 196.837100 46 37 27
1.065400 3.610000 196.856200 34 16 13
1.066200 3.615000 196.819500 3 29 21
1.066300 3.624400 196.824400 37 28 17
1.066600 3.624500 196.822900 59 16 20
1.066900 3.623600 196.826500 51 43 37
1.067200 3.611900 196.828500 52 45 32
1.067400 3.609600 196.855900 55 26 22
1.067600 3.614300 196.824100 26 32 15
1.067900 3.609800 196.854500 26 28 11
1.068500 3.613600 196.828200 43 27 19
1.068700 3.612400 196.831700 15 22 2
1.069800 3.610500 196.854400 10 17 0
1.071200 3.625300 196.828700 55 25 21
1.071500 3.612400 196.837700 40 22 11
1.072000 3.611400 196.854600 42 18 16
1.072300 3.625800 196.828000 81 26 38
1.073200 3.611900 196.846400 37 24 17
1.073900 3.612200 196.854600 27 22 16
1.073900 3.625200 196.823500 19 36 32
1.074100 3.624100 196.819600 37 26 23
1.074300 3.624300 196.821800 42 47 41
1.074700 3.612500 196.849700 44 17 8
1.075300 3.612700 196.854000 55 25 18
1.075600 3.612800 196.852400 26 21 5
1.077500 3.626700 196.834300 58 30 27
1.078600 3.627100 196.833500 63 25 35
1.079100 3.626100 196.828000 66 36 39
1.080200 3.627700 196.833100 77 43 22
1.080400 3.627800 196.818600 55 48 21
1.082100 3.627400 196.836400 41 42 33
1.082700 3.627600 196.835100 66 48 30
1.083500 3.627900 196.839600 48 36 29
1.083600 3.628000 196.834100 102 43 43
1.084500 3.627100 196.834600 58 35 21
1.089400 3.629100 196.841000 45 30 22
1.089900 3.629200 196.847100 42 38 27
1.090900 3.629700 196.846100 37 27 13
1.091500 3.629900 196.844800 30 52 36
1.042600 3.675300 196.856200 43 18 15
1.046000 3.676900 196.857800 43 11 18
1.053800 3.681500 196.848900 26 14 4
1.060100 3.684400 196.856900 22 9 8
1.060200 3.683300 196.858500 24 19 22
1.031700 3.709800 196.832500 37 28 13
1.032500 3.710200 196.831400 86 47 53
1.039600 3.713600 196.842000 35 19 6
1.021100 3.760000 196.860900 43 36 35
1.021800 3.760400 196.859700 43 27 27
1.021800 3.762700 196.851300 50 32 24
1.022100 3.762900 196.853400 47 29 27
1.022300 3.761800 196.858800 45 38 42
1.022300 3.764100 196.852200 47 33 21
1.022600 3.764200 196.850600 40 26 17
1.022700 3.763200 196.856000 50 27 29
1.022800 3.762100 196.857400 49 34 31
1.023200 3.764600 196.849400 43 29 35
1.023300 3.763500 196.850800 45 25 19
1.023800 3.764900 196.848100 38 32 14
1.024700 3.764200 196.850400 36 21 22
1.025200 3.765600 196.847600 50 40 49
1.025800 3.765900 196.846300 41 34 21
1.026400 3.765200 196.848400 43 43 32
1.026600 3.745900 196.861300 66 33 45
1.027900 3.747800 196.857500 36 34 22
1.027900 3.749100 196.858000 27 33 21
1.028000 3.749100 196.856200 29 42 27
1.028200 3.746700 196.861100 53 46 32
1.028300 3.748000 196.861600 55 34 42
1.028600 3.767400 196.847200 52 31 40
1.028900 3.749600 196.855200 46 38 32
1.029800 3.765800 196.834500 56 38 27
1.029900 3.751300 196.851000 52 35 34
1.030400 3.751600 196.849700 34 26 15
1.030700 3.763900 196.828800 51 35 30
1.030900 3.751800 196.848200 42 26 16
1.030900 3.767500 196.843400 45 35 53
1.031300 3.750900 196.835200 53 33 28
1.031400 3.752000 196.846900 72 37 41
1.031600 3.768000 196.842300 42 30 34
1.031900 3.768100 196.840700 43 42 27
1.032100 3.765900 196.832500 46 29 14
1.032600 3.769500 196.849300 41 28 27
1.032700 3.757700 196.818700 34 35 33
1.032900 3.752800 196.846500 38 38 38
1.035000 3.752800 196.855700 49 38 31
1.035200 3.752900 196.837100 54 34 31
1.035800 3.749400 196.828800 43 24 25
1.036500 3.757200 196.851100 52 30 18
1.036700 3.754800 196.848400 25 42 25
1.037600 3.756500 196.851700 62 33 33
1.038100 3.755500 196.846000 35 29 30
1.039000 3.749700 196.829500 12 20 14
1.040400 3.756700 196.850100 45 38 32
1.040600 3.754400 196.840000 38 23 21
1.040800 3.758200 196.852900 68 33 37
1.042500 3.776000 196.857700 32 37 24
1.044800 3.760300 196.855000 45 26 20
1.069600 3.769400 196.819500 41 40 40
1.014800 3.780300 196.827100 51 52 34
1.015300 3.779300 196.825200 43 42 27
1.015400 3.778200 196.823000 52 30 50
1.015500 3.778200 196.821200 52 43 46
1.015600 3.776900 196.818900 53 43 35
1.015600 3.779500 196.823700 73 36 41
1.015800 3.779600 196.827600 33 34 24
1.016500 3.777500 196.821700 46 43 34
1.018500 3.781100 196.848800 53 40 33
1.018700 3.780000 196.858000 26 32 37
1.019600 3.781700 196.848100 31 32 20
1.020000 3.780700 196.831200 46 40 31
1.022700 3.788300 196.843800 42 42 16
1.023500 3.782600 196.859000 17 35 23
1.037500 3.809200 196.819000 22 15 10
1.037500 3.810400 196.819400 15 14 5
1.039500 3.809200 196.822300 38 27 6
1.040000 3.810700 196.823300 29 20 14
1.041500 3.812700 196.834500 20 27 8
1.043200 3.818700 196.860900 56 23 23
1.043300 3.781000 196.824800 64 32 32
1.048200 3.796100 196.847600 36 36 20
1.053400 3.785300 196.841600 22 30 13
1.053800 3.786700 196.844300 44 29 14
1.059300 3.779100 196.852900 20 23 15
1.064400 3.780500 196.840400 38 30 20
1.069900 3.785800 196.824200 67 37 56
1.032000 3.630000 196.863000 41 32 18
1.068500 3.612300 196.863300 30 16 10
1.071600 3.614700 196.868600 43 19 16
1.076200 3.621200 196.884200 32 28 15
1.076600 3.612100 196.866300 29 28 15
1.077800 3.620700 196.883500 33 33 17
1.077900 3.612600 196.865600 30 35 23
1.079400 3.633100 196.869900 51 44 38
1.092000 3.637100 196.879800 60 49 38
1.033500 3.672300 196.904900 41 7 0
1.035600 3.668900 196.903400 37 12 8
1.035800 3.667900 196.903300 43 16 12
1.042500 3.676400 196.864100 44 14 12
1.047300 3.677400 196.870300 48 31 16
1.049900 3.679800 196.869600 52 15 30
1.052100 3.679600 196.871300 26 17 27
1.052400 3.680900 196.877700 29 9 8
1.052500 3.679800 196.869900 36 5 27
1.053400 3.681300 196.871100 35 12 11
1.053700 3.679200 196.863000 6 24 6
1.054700 3.679600 196.862200 21 14 0
1.055200 3.667300 196.871200 35 7 10
1.057300 3.667100 196.869200 28 12 10
1.059300 3.681700 196.864800 15 10 9
1.059800 3.671800 196.882400 26 17 11
1.060500 3.669700 196.863200 20 3 6
1.062300 3.683100 196.863900 32 19 7
1.062300 3.683100 196.865800 28 6 6
1.062800 3.669600 196.872700 16 11 6
1.067800 3.662500 196.895400 42 25 10
1.080600 3.678600 196.877200 42 21 8
1.081700 3.677900 196.889300 18 23 8
1.028000 3.711500 196.896400 61 61 42
1.028800 3.730200 196.879600 100 101 72
1.030400 3.728600 196.882200 92 61 69
1.032900 3.728700 196.899700 56 37 37
1.036000 3.718900 196.904100 84 61 60
1.044100 3.688500 196.881500 20 33 13
1.048200 3.692600 196.890300 0 25 6
1.054400 3.694400 196.894200 53 32 34
1.066600 3.691700 196.897400 44 32 25
1.066600 3.693000 196.898000 55 30 40
1.066700 3.690700 196.895200 26 23 1
1.067000 3.687500 196.876900 23 23 6
1.068600 3.695100 196.902300 61 38 28
1.069000 3.692900 196.898000 32 28 19
1.073400 3.687000 196.889700 51 19 40
1.083300 3.694900 196.891000 42 20 19
1.014700 3.771600 196.885500 76 76 75
1.019300 3.775400 196.871600 41 32 32
1.021400 3.759000 196.862600 28 35 19
1.021600 3.759100 196.864700 61 42 28
1.021900 3.758100 196.866400 46 43 48
1.022200 3.757000 196.868100 53 41 42
1.022400 3.759600 196.861800 43 35 36
1.022500 3.758400 196.865200 37 30 27
1.023200 3.741700 196.885400 34 40 20
1.023800 3.744400 196.883200 53 29 25
1.024000 3.776600 196.875900 46 24 39
1.024100 3.731600 196.889700 88 62 58
1.024200 3.744600 196.904900 54 30 25
1.024400 3.738900 196.889100 27 43 23
1.026400 3.744500 196.862500 58 34 40
1.026800 3.743500 196.864400 47 40 39
1.026800 3.774600 196.881100 54 43 52
1.026900 3.737700 196.871600 34 25 25
1.027000 3.739000 196.870200 16 23 8
1.027000 3.742500 196.867900 69 34 38
1.027100 3.776000 196.879900 43 40 28
1.027300 3.731900 196.875200 56 47 38
1.027900 3.740700 196.869700 49 30 24
1.028100 3.741900 196.870400 40 29 27
1.029600 3.776100 196.881900 22 26 18
1.014600 3.777700 196.874600 57 58 44
1.019400 3.779100 196.863800 27 43 25
1.019700 3.778000 196.867400 46 37 31
1.021100 3.777500 196.870100 49 22 27
1.021900 3.776800 196.872400 56 35 42
1.022700 3.779600 196.868400 45 19 19
1.029200 3.778200 196.880600 66 25 39
1.031900 3.778600 196.882900 24 16 14
1.031900 3.809800 196.880800 31 30 7
1.033100 3.808000 196.888800 48 11 13
1.033200 3.809400 196.885600 34 20 4
1.033600 3.810700 196.884500 30 20 6
1.034300 3.807500 196.893400 17 17 1
1.034500 3.812600 196.882100 16 15 9
1.034600 3.805100 196.898300 19 20 15
1.034700 3.812700 196.880400 17 26 11
1.035100 3.813000 196.879000 18 36 12
1.035400 3.806900 196.897800 10 15 2
1.035600 3.814400 196.881900 26 22 11
1.035800 3.780600 196.884900 75 57 60
1.036100 3.807200 196.896500 15 18 8
1.036200 3.782000 196.885800 56 25 41
1.036500 3.814900 196.880800 20 27 23
1.036700 3.815000 196.879100 40 34 29
1.037100 3.782500 196.882900 42 31 35
1.037800 3.784200 196.880300 60 35 27
1.038400 3.816000 196.878900 32 27 18
1.038800 3.817400 196.883700 22 11 27
1.039000 3.783600 196.886800 36 30 33
1.039700 3.816700 196.876400 26 41 14
1.040000 3.818100 196.883000 31 24 25
1.041400 3.820200 196.884900 26 17 20
1.042000 3.818100 196.876800 48 41 25
1.043700 3.820200 196.884800 17 14 0
1.043700 3.821500 196.885400 20 14 4
1.043900 3.788700 196.886900 60 49 41
1.048700 3.791300 196.889800 25 34 20
1.049800 3.790600 196.896300 35 29 28
1.052900 3.806200 196.876200 65 32 24
1.059700 3.798500 196.884000 41 32 9
1.060200 3.781900 196.881400 32 25 17
1.068100 3.803100 196.902100 55 30 34
1.068200 3.803200 196.898300 57 32 27
1.027400 3.684300 196.908300 20 14 0
1.027500 3.679600 196.906500 25 10 17
1.028200 3.678700 196.906800 19 10 6
1.028200 3.682200 196.908100 32 15 28
1.028400 3.681200 196.907900 29 6 27
1.028700 3.683600 196.909100 23 23 12
1.030600 3.676500 196.906000 22 7 14
1.030600 3.679900 196.907400 21 12 3
1.030700 3.675400 196.905700 6 0 0
1.030900 3.684600 196.909400 70 41 27
1.032000 3.678300 196.907900 45 8 21
1.032600 3.684300 196.910800 66 31 23
1.048200 3.681100 196.919000 48 26 23
1.059800 3.675200 196.922700 38 20 20
1.063100 3.669700 196.917500 28 18 14
1.025500 3.725000 196.911500 43 35 29
1.026000 3.721700 196.912500 49 43 27
1.026200 3.720800 196.912400 47 36 27
1.026800 3.693300 196.915300 50 35 30
1.045700 3.709500 196.914300 53 29 43
1.056800 3.725500 196.942000 64 37 42
1.059200 3.716000 196.924200 53 27 27
1.065400 3.687800 196.934300 51 32 39
1.079000 3.727900 196.935500 32 36 22
1.015500 3.738900 196.907000 69 66 45
1.023400 3.731200 196.908400 42 29 27
1.024300 3.742200 196.906000 51 33 36
1.024500 3.737800 196.908100 33 31 28
1.046200 3.740200 196.911400 46 45 41
1.074500 3.731700 196.941300 34 33 22
1.035500 3.801900 196.907500 19 12 14
1.035700 3.814500 196.909100 16 15 10
1.035800 3.800800 196.909100 25 6 14
1.036000 3.793200 196.917700 52 22 27
1.036600 3.802600 196.906700 22 15 11
1.036600 3.808800 196.923100 22 12 21
1.036700 3.811300 196.920300 6 5 13
1.036800 3.807700 196.924800 12 2 3
1.037200 3.791400 196.931900 18 8 16
1.037300 3.795100 196.931500 24 15 34
1.037400 3.786500 196.929800 20 25 27
1.037600 3.789000 196.931100 14 12 21
1.037700 3.782800 196.932400 42 21 13
1.037800 3.785400 196.931700 23 7 12
1.038100 3.788000 196.931100 14 15 22
1.038200 3.788100 196.929200 19 22 32
1.038300 3.784500 196.933700 34 21 9
1.038700 3.781000 196.934500 34 26 39
1.041500 3.780100 196.938400 44 32 27
1.042000 3.809300 196.909900 19 14 6
1.042300 3.809500 196.912100 20 27 14
1.046800 3.770000 196.950400 49 24 30
1.047000 3.772600 196.949700 28 28 19
1.047600 3.774100 196.950800 11 25 4
