0.875700 3.788400 196.980500 28 27 31
0.876500 3.783100 196.980200 32 30 13
0.876800 3.782300 196.980000 11 22 10
0.876800 3.784500 196.981300 44 23 20
0.876900 3.779100 196.980500 23 22 21
0.877100 3.778200 196.980100 15 24 16
0.877400 3.775100 196.980800 25 18 12
0.877500 3.774000 196.980200 15 8 3
0.877800 3.769600 196.980100 29 9 30
0.878600 3.756300 196.977700 29 14 23
0.878600 3.764400 196.980000 31 24 18
0.878700 3.763300 196.979600 40 24 17
0.879000 3.761200 196.980600 43 24 36
0.879900 3.756000 196.978700 21 8 12
0.880200 3.756200 196.981100 33 19 36
0.881800 3.756100 196.976400 0 1 7
0.882200 3.756300 196.983000 17 17 30
0.882600 3.756500 196.979400 6 9 7
0.883000 3.756800 196.982000 12 10 4
0.884100 3.756400 196.972500 14 8 16
0.885000 3.756900 196.975600 8 7 4
0.885400 3.757100 196.978200 0 1 3
0.885700 3.757300 196.986800 32 29 29
0.886100 3.757500 196.981100 5 0 9
0.886600 3.757800 196.985800 10 16 12
0.886700 3.757900 196.983900 11 7 11
0.887600 3.757300 196.974100 5 5 10
0.889500 3.757100 196.971600 1 8 9
0.890300 3.787400 196.968300 41 21 22
0.890400 3.758900 196.989900 12 26 29
0.890400 3.783100 196.968100 18 22 4
0.890600 3.757700 196.966800 33 25 35
0.890800 3.778600 196.968100 15 29 13
0.891000 3.756900 196.968800 5 3 3
0.891200 3.782400 196.968500 37 37 21
0.891500 3.757200 196.967500 35 7 21
0.891700 3.757300 196.971700 16 5 20
0.891800 3.791600 196.969900 22 15 30
0.891900 3.768900 196.967900 27 20 27
0.892200 3.778300 196.969200 28 26 18
0.892300 3.773700 196.968800 14 22 27
0.892600 3.760200 196.986500 7 7 8
0.892700 3.760300 196.990800 15 6 16
0.893000 3.759100 196.967700 51 56 47
0.893200 3.763900 196.968400 21 20 9
0.893200 3.773200 196.969300 33 33 40
0.893400 3.768700 196.969200 20 26 25
0.893500 3.760800 196.989700 20 11 16
0.893800 3.758600 196.968200 74 55 54
0.893900 3.759700 196.991600 19 20 11
0.894100 3.763300 196.969000 20 12 14
0.894400 3.757800 196.970300 53 12 20
0.894700 3.760200 196.990500 34 22 18
0.894800 3.762700 196.969200 26 21 13
0.895100 3.758200 196.973300 16 15 10
0.895700 3.758500 196.969800 84 54 54
0.895700 3.759700 196.991100 60 43 38
0.895900 3.760900 196.989900 6 10 5
0.896100 3.759900 196.989600 8 23 12
0.896600 3.761300 196.988700 15 1 6
0.897300 3.760600 196.989000 27 18 21
0.897500 3.760800 196.983100 15 0 15
0.897800 3.759800 196.978600 10 6 20
0.897900 3.758500 196.973900 57 22 17
0.898000 3.759900 196.989200 34 38 31
0.898000 3.761100 196.987800 22 9 18
0.898100 3.759900 196.987300 9 12 17
0.898700 3.761500 196.986600 1 9 13
0.899200 3.758300 196.975000 59 35 28
0.899200 3.760600 196.986500 18 17 28
0.899400 3.760700 196.982700 21 6 23
0.899900 3.761000 196.985400 35 12 30
0.900000 3.759800 196.986800 27 23 27
0.900000 3.759900 196.978600 23 27 17
0.900000 3.759900 196.984900 42 29 32
0.900200 3.759900 196.982900 43 33 35
0.900800 3.760300 196.981600 7 22 19
0.940700 3.787400 197.060800 44 59 63
0.947900 3.788000 197.061200 42 49 24
0.866000 3.888500 196.982800 63 51 58
0.866100 3.886100 196.983500 68 49 43
0.866100 3.887400 196.982200 58 47 50
0.866100 3.887400 196.984300 51 28 36
0.866200 3.888600 196.980900 42 28 22
0.866500 3.888900 196.985500 42 31 48
0.866600 3.890100 196.980100 66 52 40
0.866700 3.882800 196.984100 44 43 37
0.866800 3.873300 196.982700 59 30 46
0.866800 3.878000 196.983400 33 27 20
0.866800 3.879200 196.984100 40 30 27
0.866900 3.868600 196.982000 68 40 40
0.867000 3.875800 196.982300 48 48 40
0.867000 3.876900 196.982900 40 30 27
0.867000 3.884200 196.985200 40 43 25
0.867800 3.864400 196.982400 70 44 29
0.868100 3.863400 196.982000 62 48 36
0.868300 3.859800 196.982100 27 27 16
0.869000 3.891900 196.974900 65 41 33
0.869200 3.855400 196.982300 34 15 36
0.869400 3.854400 196.981900 38 18 37
0.869800 3.892400 196.973900 77 58 51
0.870100 3.846300 196.981900 19 20 15
0.870200 3.845200 196.981400 7 31 18
0.870200 3.850000 196.982100 20 15 36
0.870200 3.851300 196.982900 9 29 18
0.870300 3.847700 196.982900 32 20 18
0.870600 3.893000 196.972900 59 48 43
0.870900 3.842100 196.982200 41 21 20
0.871100 3.837300 196.981600 19 22 12
0.871100 3.838500 196.982400 33 21 18
0.871100 3.841000 196.981800 42 29 8
0.871400 3.836300 196.981300 19 31 12
0.871800 3.893900 196.972300 88 41 53
0.871900 3.828400 196.981300 35 31 41
0.871900 3.834200 196.982500 50 19 50
0.872000 3.823700 196.980800 24 35 30
0.872000 3.832900 196.982000 22 19 32
0.872100 3.829600 196.982200 50 31 45
0.872300 3.893000 196.972200 72 41 42
0.872600 3.819500 196.980900 5 20 18
0.873200 3.814100 196.980400 25 18 24
0.873200 3.815200 196.981100 14 24 27
0.873400 3.810600 196.980600 20 15 38
0.873600 3.806000 196.980300 30 30 27
0.873900 3.812100 196.982000 14 25 32
0.874000 3.807500 196.981500 29 29 24
0.874000 3.893100 196.971600 63 47 58
0.874200 3.801600 196.980300 36 36 27
0.874300 3.802900 196.981200 30 23 21
0.874600 3.797000 196.980100 22 15 8
0.874800 3.795900 196.979700 20 34 25
0.875300 3.792900 196.980600 26 21 34
0.876300 3.892200 196.970900 70 62 49
0.877100 3.891500 196.971100 60 56 42
0.880300 3.890000 196.970900 65 53 25
0.880900 3.889300 196.971000 64 57 31
0.881600 3.881300 196.970900 83 49 55
0.881800 3.885100 196.971300 51 41 48
0.882100 3.888900 196.971600 87 57 44
0.882200 3.880700 196.971100 76 42 39
0.882900 3.867400 196.970100 49 44 27
0.883000 3.876300 196.971300 46 50 42
0.883000 3.884800 196.972100 56 45 63
0.883200 3.888500 196.972400 80 45 39
0.883300 3.860300 196.970500 52 40 35
0.883600 3.871600 196.971100 55 41 36
0.883800 3.855600 196.970200 69 45 29
0.883900 3.866900 196.970700 36 33 12
0.884200 3.875900 196.972100 65 42 46
0.884400 3.863500 196.971200 42 49 38
0.884500 3.859800 196.971200 76 48 44
0.884700 3.855000 196.970600 54 43 31
0.885100 3.871500 196.972300 56 43 25
0.885200 3.875300 196.972500 57 41 46
0.885300 3.850600 196.970700 46 43 42
0.885800 3.837600 196.969800 63 37 41
0.886100 3.833000 196.969500 64 42 17
0.886600 3.828700 196.969700 55 43 34
0.886700 3.837000 196.970200 64 52 60
0.886700 3.841600 196.970800 81 34 36
0.886700 3.850400 196.971700 43 45 43
0.886800 3.832400 196.969800 42 32 18
0.887000 3.845600 196.971300 43 28 22
0.887300 3.823200 196.969200 33 37 35
0.887600 3.828100 196.970100 59 36 23
0.887700 3.810300 196.968400 83 47 58
0.887900 3.806600 196.968600 70 47 43
0.887900 3.814000 196.968600 43 50 52
0.888000 3.849900 196.972500 43 43 49
0.888100 3.817800 196.968900 33 36 13
0.888300 3.805700 196.968500 57 35 36
0.888700 3.849100 196.972700 49 29 33
0.888800 3.823000 196.970300 43 40 34
0.889300 3.809900 196.969600 90 37 42
0.889500 3.792400 196.968300 34 35 30
0.889500 3.805200 196.969200 47 47 40
0.889700 3.800700 196.968900 46 38 30
0.890100 3.796300 196.969000 43 51 35
0.890300 3.791700 196.968600 27 28 29
0.891000 3.823200 196.972400 37 33 25
