-0.837800 2.260700 194.233300 22 12 35
-0.777600 2.294600 194.216600 35 31 35
-0.760700 2.278300 194.226700 14 11 18
-0.749000 2.283700 194.222900 24 25 20
-0.271600 2.290100 194.240100 3 10 19
-0.241900 2.289800 194.189100 130 109 116
-0.241300 2.289800 194.189200 125 107 108
-0.240000 2.288700 194.189900 110 112 95
-0.218500 2.283300 194.193300 110 86 94
-0.196200 2.277800 194.200700 118 98 96
-0.124800 2.321100 194.227300 32 26 34
0.126200 2.378500 194.205100 47 35 41
0.164200 2.321900 194.241500 0 12 51
0.190400 2.324300 194.240600 10 0 50
0.195200 2.338900 194.231000 19 9 19
0.276800 2.329800 194.239800 3 2 8
0.305800 2.358900 194.221300 9 2 8
0.319200 2.360100 194.219100 5 3 4
0.458600 2.368000 194.225400 1 3 18
0.554800 2.379000 194.225200 29 16 70
0.638500 2.332600 194.211900 103 110 103
0.481500 2.386200 194.216300 0 10 10
0.503700 2.387700 194.217400 21 12 63
0.518900 2.388300 194.217400 15 12 29
0.532000 2.386700 194.218900 9 7 49
0.539800 2.380300 194.224200 12 11 39
0.569000 2.381100 194.224200 18 19 62
