-0.494800 3.006800 197.051600 140 101 77
-0.494700 3.005900 197.052400 132 112 82
-0.494700 3.006100 197.052100 132 109 74
-0.492800 3.004800 197.051300 153 94 99
-0.492700 3.003800 197.052600 144 111 107
-0.492600 3.003600 197.052200 137 115 108
-0.492500 3.002200 197.054100 144 128 128
-0.492500 3.003100 197.052700 131 119 112
-0.492100 2.995100 197.053900 140 118 107
-0.492100 3.001300 197.054100 145 132 137
-0.492000 3.000900 197.054100 138 131 130
-0.491400 2.999600 197.054100 132 121 110
-0.490600 3.000900 197.053400 147 128 113
-0.490500 2.991100 197.054100 128 119 108
-0.490400 2.996900 197.054100 134 128 138
-0.490400 3.000500 197.053100 151 128 116
-0.490300 3.000000 197.053700 146 124 113
-0.489900 2.992600 197.054200 155 125 128
-0.489900 2.998700 197.054100 137 135 125
-0.489600 2.994900 197.054200 126 128 116
-0.489300 2.991300 197.053900 135 124 116
-0.489200 2.993800 197.054200 123 123 113
-0.488900 2.990200 197.054300 136 119 134
-0.488700 2.992800 197.054200 129 129 125
-0.488600 2.992400 197.054300 126 126 124
-0.488500 2.998200 197.054200 140 134 116
-0.488300 2.991800 197.054200 119 120 120
-0.488200 2.991500 197.054300 117 119 120
-0.486800 2.991100 197.054300 120 116 107
-0.485900 2.989200 197.054100 126 142 116
-0.485000 2.989800 197.054300 116 117 88
-0.484500 2.989000 197.053800 116 115 94
-0.483800 2.990000 197.054300 122 119 92
-0.483400 2.989000 197.054300 127 111 86
-0.482100 2.989000 197.054200 116 92 85
-0.481800 2.988400 197.054300 120 103 94
-0.481600 2.987900 197.054100 120 103 96
-0.480500 2.988200 197.054300 115 88 103
-0.480300 2.987800 197.054300 112 88 93
-0.480100 2.993900 197.052600 144 100 94
-0.479200 2.988100 197.054100 126 106 84
-0.478400 2.998300 197.037700 170 121 94
-0.477700 2.987500 197.054300 113 88 94
-0.477000 2.986100 197.054000 141 129 130
-0.476400 2.987400 197.054300 131 118 116
-0.476200 2.987000 197.054300 133 117 122
-0.476000 2.986600 197.054000 135 119 124
-0.474700 2.986400 197.054300 142 119 124
-0.474300 2.985600 197.054200 120 120 106
-0.473800 2.990000 197.054300 116 107 102
-0.473600 2.986700 197.054300 117 121 100
-0.473000 2.985700 197.054200 86 121 74
-0.472400 2.989900 197.054000 153 110 95
-0.472100 2.986400 197.054300 108 123 112
-0.470700 2.986000 197.054300 119 119 121
-0.470200 2.985000 197.054200 127 122 117
-0.469600 2.986300 197.054200 99 122 116
-0.469300 2.985700 197.054300 112 126 117
-0.467900 2.985300 197.054300 131 120 120
-0.467600 2.984900 197.054300 128 119 113
-0.466900 3.002800 197.032600 161 113 103
-0.466800 2.985800 197.054100 120 123 104
-0.465200 2.987600 197.054200 150 92 108
-0.465000 2.987200 197.054200 144 100 114
-0.463700 2.987300 197.054100 142 111 96
-0.463600 2.984500 197.054200 134 116 107
-0.463300 2.986500 197.054200 138 120 113
-0.462400 2.987500 197.053600 130 104 68
-0.461000 2.987200 197.053500 126 93 69
-0.460900 2.987400 197.052800 125 88 65
-0.459600 2.987300 197.052800 121 95 76
-0.458900 3.006300 197.028000 160 99 85
-0.458500 2.987400 197.053000 136 92 85
-0.457100 2.987400 197.052800 139 104 120
-0.456800 3.002500 197.031200 169 107 100
-0.455800 2.987300 197.052900 128 98 39
-0.455800 2.987600 197.052100 131 97 45
-0.454600 2.987300 197.053300 129 88 59
-0.454500 2.987500 197.052100 139 93 69
-0.453300 2.987500 197.052500 132 92 77
-0.452900 3.006700 197.027600 192 104 92
-0.452100 2.987400 197.052800 135 78 89
-0.452100 3.002900 197.031100 168 110 99
-0.450900 2.987500 197.053000 133 73 58
-0.449700 2.987900 197.052200 132 85 55
-0.448500 2.987700 197.053000 128 95 54
-0.448300 2.988000 197.051700 131 95 54
-0.447500 3.005200 197.028100 184 104 113
-0.447300 2.987800 197.053100 134 70 53
-0.447200 2.988100 197.052000 143 70 56
-0.446000 2.988300 197.052000 134 86 43
-0.444800 2.988600 197.051600 147 90 72
-0.443700 2.988600 197.052300 152 77 78
-0.443600 2.988400 197.052500 148 91 87
-0.442500 2.989000 197.051700 131 81 78
-0.442500 2.989200 197.051200 134 81 80
-0.441300 2.989100 197.051800 127 93 52
-0.441300 2.989300 197.051500 133 99 62
-0.440200 2.989400 197.051800 130 75 55
-0.439000 2.990000 197.051000 160 84 93
-0.438900 2.989400 197.052000 136 75 80
-0.438000 2.990300 197.051300 135 73 69
-0.437900 2.989900 197.051800 135 84 81
-0.437900 2.990100 197.051500 135 77 74
-0.436900 2.990400 197.051800 121 81 59
-0.436900 2.990700 197.051100 127 82 62
-0.434800 2.991500 197.051500 141 80 79
-0.433700 2.991600 197.051900 145 85 92
-0.433000 3.001400 197.031000 206 146 157
-0.432700 2.992100 197.051900 145 84 81
-0.432600 2.992000 197.051500 143 84 78
-0.431600 2.992700 197.051300 133 64 71
-0.431500 2.992500 197.051300 125 56 67
-0.430600 2.993000 197.051600 133 77 81
-0.430600 2.993300 197.051000 132 74 77
-0.429600 2.993500 197.051800 120 81 61
-0.428600 2.994100 197.051700 129 81 64
-0.428600 2.994500 197.050800 141 84 70
-0.426600 2.994900 197.051900 116 75 81
-0.426500 2.995200 197.051100 117 72 78
-0.425700 2.996100 197.050800 123 69 76
-0.425500 2.995500 197.051600 126 85 92
-0.424600 2.996400 197.051000 132 86 56
-0.423800 2.997200 197.050800 133 68 67
-0.423700 2.997100 197.051100 140 77 78
-0.422800 2.998000 197.050400 113 54 44
-0.421900 2.998300 197.051300 128 85 60
-0.420900 2.998900 197.051000 119 59 61
-0.420000 2.999900 197.050400 140 92 82
-0.419100 3.000300 197.051100 136 84 88
-0.418300 3.001200 197.050800 126 80 61
-0.418200 3.000800 197.051600 124 86 73
-0.416400 3.002700 197.050400 126 81 81
-0.415600 3.003000 197.051600 139 112 112
-0.415500 3.003400 197.050500 134 96 94
-0.414700 3.003800 197.051500 127 103 103
-0.414700 3.004000 197.051000 123 96 89
-0.414000 3.004800 197.051600 132 113 84
-0.413200 3.005600 197.052100 135 106 89
-0.413200 3.005800 197.051300 137 102 88
-0.412400 3.006400 197.052400 140 99 83
-0.412400 3.006600 197.051500 140 95 81
-0.411600 3.007200 197.052400 124 112 90
-0.506700 3.037900 197.051800 141 123 107
-0.506400 3.036800 197.051600 121 124 107
-0.506400 3.041400 197.051800 126 122 107
-0.506200 3.045300 197.052200 128 111 110
-0.506000 3.030200 197.052000 124 120 122
-0.506000 3.030500 197.052000 125 123 124
-0.506000 3.035700 197.051000 122 120 107
-0.506000 3.036200 197.050800 112 121 103
-0.506000 3.036400 197.050300 116 123 105
-0.506000 3.041000 197.050400 132 120 113
-0.506000 3.041200 197.050600 130 121 109
-0.506000 3.044900 197.051900 125 112 104
-0.505800 3.029600 197.052300 119 109 111
-0.505800 3.044400 197.051600 125 111 92
-0.505800 3.048500 197.052500 144 113 111
-0.505700 3.028900 197.052500 127 119 118
-0.505700 3.040800 197.049600 138 121 121
-0.505700 3.044200 197.051100 124 104 77
-0.505600 3.035500 197.049800 136 120 118
-0.505600 3.048300 197.052100 139 110 105
-0.505500 3.028000 197.052500 113 119 107
-0.505500 3.048100 197.051800 131 106 98
-0.505400 3.028300 197.052000 120 121 113
-0.505400 3.035000 197.049500 148 126 128
-0.505400 3.044000 197.050100 127 104 76
-0.505200 3.027800 197.051700 110 120 106
-0.505200 3.034600 197.048800 148 128 121
-0.505200 3.047600 197.050800 123 103 86
-0.505200 3.051600 197.052500 125 106 105
-0.505200 3.051800 197.052200 128 108 107
-0.505000 3.051200 197.051500 125 101 99
-0.504900 3.034400 197.047900 148 127 117
-0.504800 3.026200 197.051900 151 124 121
-0.504800 3.026700 197.051400 137 124 116
-0.504700 3.051100 197.050800 121 94 94
-0.504400 3.025800 197.050800 155 124 124
-0.504300 3.053500 197.051800 131 110 100
-0.504100 3.053300 197.051000 134 112 106
-0.504000 3.025200 197.049900 153 126 128
-0.503900 3.024900 197.049900 152 125 129
-0.503800 3.024800 197.049300 152 121 127
-0.503800 3.056500 197.052300 109 83 72
-0.503600 3.023800 197.049600 148 101 114
-0.503600 3.056000 197.051700 101 95 72
-0.503500 3.023100 197.050400 137 106 104
-0.503500 3.031200 197.045400 167 128 119
-0.503500 3.055800 197.051200 108 109 83
-0.503300 3.021100 197.051800 149 96 80
-0.503300 3.023400 197.049200 141 102 107
-0.503200 3.021400 197.051300 145 97 80
-0.503100 3.036700 197.042700 184 133 131
-0.503000 3.020700 197.051200 148 102 84
-0.502900 3.020100 197.051600 142 113 76
-0.502900 3.058100 197.052100 138 120 100
-0.502800 3.020300 197.050800 143 110 84
-0.502800 3.036200 197.041800 173 129 122
-0.502700 3.019200 197.051800 136 116 61
-0.502600 3.036000 197.041400 172 128 116
-0.502500 3.035800 197.041300 170 126 111
-0.502200 3.060300 197.052100 142 110 107
-0.502100 3.034900 197.040400 171 117 110
-0.502100 3.035200 197.040000 168 118 106
-0.502100 3.060100 197.051800 137 107 100
-0.502000 3.034700 197.040200 175 119 117
-0.501800 3.059900 197.050800 129 111 94
-0.501500 3.033300 197.039700 180 115 103
-0.501500 3.033900 197.039000 186 119 120
-0.501300 3.033100 197.039200 173 112 98
-0.501300 3.062000 197.052100 112 117 94
-0.501200 3.043300 197.037600 190 136 137
-0.501000 3.025800 197.041700 172 120 124
-0.501000 3.061700 197.051000 119 111 102
-0.500800 3.032300 197.037800 179 113 95
-0.500700 3.031900 197.037700 187 119 103
-0.500700 3.037800 197.036400 223 134 184
-0.500600 3.022700 197.043700 162 111 103
-0.500500 3.030600 197.038500 184 120 116
-0.500500 3.037300 197.035800 227 154 179
-0.500500 3.041800 197.036300 233 189 194
-0.500500 3.063600 197.052400 128 103 90
-0.500400 3.031700 197.036900 192 120 109
-0.500400 3.045900 197.036500 204 132 151
-0.500300 3.020400 197.045400 159 115 103
-0.500300 3.030400 197.037800 184 121 110
-0.500300 3.037100 197.035400 222 154 170
-0.500200 3.019700 197.045700 161 119 99
-0.500200 3.063400 197.051100 129 102 89
-0.500100 3.019000 197.046100 156 118 104
-0.500100 3.030000 197.037800 188 125 102
-0.500100 3.035900 197.035600 223 167 165
-0.500100 3.036400 197.035200 225 164 161
-0.500100 3.045700 197.035700 210 136 160
-0.500000 3.019500 197.045300 161 119 102
-0.500000 3.041200 197.034700 244 218 223
-0.500000 3.063200 197.050700 129 101 87
-0.499900 3.016800 197.048200 150 111 85
-0.499900 3.018300 197.046600 167 116 114
-0.499900 3.035700 197.035400 218 163 167
-0.499900 3.041000 197.034600 248 227 233
-0.499800 3.013500 197.052500 155 96 120
-0.499800 3.014200 197.051500 168 107 128
-0.499800 3.015300 197.049900 148 97 100
-0.499800 3.029300 197.037000 198 131 109
-0.499800 3.045100 197.035000 239 173 202
-0.499700 3.014500 197.050600 169 109 128
-0.499700 3.014800 197.050200 161 104 119
-0.499700 3.035000 197.035100 201 147 157
-0.499700 3.035300 197.034900 208 152 163
-0.499700 3.039900 197.034600 255 247 250
-0.499700 3.048600 197.035900 217 138 163
-0.499600 3.013800 197.051500 161 100 124
-0.499600 3.014000 197.051100 168 106 130
-0.499600 3.029100 197.036400 203 132 113
-0.499600 3.065300 197.052200 127 86 52
-0.499500 3.044400 197.034100 253 207 240
-0.499400 3.028700 197.036100 207 128 119
-0.499400 3.065100 197.051500 126 88 49
-0.499300 3.027700 197.036900 186 121 124
-0.499300 3.048000 197.034800 230 166 178
-0.499200 3.033700 197.034500 200 139 140
-0.499200 3.034200 197.033600 195 137 133
-0.499200 3.051700 197.035900 163 107 114
-0.499100 3.065000 197.050600 127 92 48
-0.498900 3.032600 197.034500 207 140 129
-0.498700 3.026900 197.035500 180 130 124
-0.498700 3.032200 197.033800 215 142 138
-0.498700 3.050000 197.035500 236 177 211
-0.498600 3.031600 197.034200 216 142 145
-0.498600 3.066700 197.052000 123 100 86
-0.498400 3.024600 197.036700 183 128 121
-0.498400 3.025100 197.036200 185 130 121
-0.498400 3.025400 197.035800 184 130 119
-0.498200 3.030700 197.033700 204 144 116
-0.498100 3.024200 197.036400 177 122 118
-0.498100 3.030000 197.033900 191 142 117
-0.498000 3.023200 197.036900 179 122 122
-0.497800 3.023100 197.036200 180 122 125
-0.497700 3.021200 197.038300 199 129 118
-0.497700 3.022600 197.036500 179 119 125
-0.497600 3.028300 197.033800 199 133 140
-0.497600 3.068200 197.051900 87 74 80
-0.497500 3.022000 197.036600 185 123 122
-0.497500 3.028100 197.033600 195 134 137
-0.497400 3.020800 197.037700 195 126 106
-0.497300 3.011600 197.049800 171 92 111
-0.497300 3.018900 197.039600 193 119 108
-0.497200 3.020100 197.037800 171 120 87
-0.497200 3.027600 197.033200 190 140 130
-0.497200 3.054900 197.034600 172 129 93
-0.497100 3.009500 197.052000 145 112 106
-0.497100 3.010200 197.051200 163 115 116
-0.497100 3.017200 197.041300 198 132 134
-0.497100 3.019200 197.038700 192 125 107
-0.497100 3.020400 197.037100 179 121 93
-0.497000 3.015700 197.042800 166 106 99
-0.497000 3.016200 197.042100 168 113 108
-0.497000 3.016700 197.041500 181 126 122
-0.497000 3.017500 197.040600 196 126 130
-0.496900 3.017000 197.040800 189 129 128
-0.496900 3.017800 197.039800 195 119 127
-0.496800 3.057800 197.035500 153 115 120
-0.496600 3.069500 197.051600 112 83 80
-0.495800 3.070700 197.052400 73 86 39
-0.495600 3.070500 197.051700 86 87 46
-0.495500 3.021200 197.034000 187 127 139
-0.495500 3.021400 197.034000 187 120 135
-0.495100 3.020100 197.034000 175 124 107
-0.495000 3.019300 197.034500 177 120 97
-0.494900 3.019200 197.034400 171 118 94
-0.494800 3.007600 197.050400 158 97 86
-0.494800 3.018000 197.035500 174 129 112
-0.494600 3.071700 197.051600 110 94 67
-0.494500 3.016000 197.037000 185 120 104
-0.494500 3.016300 197.036800 185 124 108
-0.494400 3.015300 197.037600 179 116 121
-0.494400 3.068200 197.042600 100 94 59
-0.494300 3.016600 197.035400 184 127 110
-0.494000 3.073100 197.053100 121 67 70
-0.493900 3.072900 197.052600 128 73 79
-0.493800 3.071000 197.048200 118 105 95
-0.493600 3.065400 197.035600 147 109 95
-0.493500 3.069300 197.042800 123 94 79
-0.493200 3.069100 197.041400 121 97 76
-0.493100 3.074300 197.053600 128 107 73
-0.493000 3.074100 197.053000 123 109 82
-0.492600 3.072000 197.047300 137 97 92
-0.492300 3.071800 197.045900 135 102 94
-0.492300 3.076000 197.054100 105 103 89
-0.492200 3.013800 197.035500 184 129 109
-0.492000 3.013500 197.035300 176 125 105
-0.491900 3.012800 197.035400 176 119 117
-0.491900 3.070200 197.040300 121 74 39
-0.491900 3.073400 197.048800 143 93 92
-0.491800 3.013000 197.034900 173 122 105
-0.491700 3.011600 197.036400 176 118 110
-0.491700 3.012100 197.035800 176 117 118
-0.491300 3.073000 197.046100 138 78 73
-0.491300 3.077000 197.054100 119 95 85
-0.491100 3.072900 197.045200 135 74 64
-0.491100 3.076600 197.053200 110 93 70
-0.491000 3.071200 197.040500 128 104 80
-0.491000 3.076400 197.052900 107 93 63
-0.490700 3.072700 197.043500 136 81 61
-0.490200 3.072400 197.041000 138 94 61
-0.490200 3.078100 197.053500 123 86 94
-0.490100 3.077900 197.053300 122 87 94
-0.489800 3.072200 197.039700 137 97 63
-0.489500 3.008000 197.037700 179 119 105
-0.489300 3.079300 197.054200 120 104 90
-0.489200 3.078900 197.054100 119 90 82
-0.488200 3.079800 197.054000 109 94 65
-0.487800 3.069500 197.032000 169 113 107
-0.487300 3.077300 197.046100 101 84 53
-0.487100 3.080600 197.054200 124 101 96
-0.486600 3.078300 197.047600 113 106 51
-0.486300 3.078100 197.046000 116 104 52
-0.486200 3.082000 197.054300 118 101 82
-0.486200 3.082400 197.054300 111 103 77
-0.486000 3.077900 197.044900 125 103 61
-0.486000 3.080900 197.054000 115 86 73
-0.485700 3.036400 197.028100 199 125 108
-0.485600 3.036200 197.028100 199 123 107
-0.485600 3.077800 197.043000 132 101 67
-0.485100 3.077600 197.040900 131 97 69
-0.485100 3.082300 197.054200 101 112 78
-0.484800 3.077400 197.039500 131 92 69
-0.484500 3.028000 197.028300 194 122 128
-0.484300 3.017000 197.032800 183 123 122
-0.484000 3.083300 197.054200 107 92 68
-0.483900 3.078400 197.040000 140 106 56
-0.483900 3.083100 197.053900 107 96 69
-0.483600 3.078200 197.038600 136 100 52
-0.483000 3.080400 197.045400 122 92 84
-0.482600 3.079000 197.038800 134 81 71
-0.482600 3.081500 197.048200 126 81 98
-0.482300 3.025000 197.027800 164 116 110
-0.482300 3.081400 197.046800 127 92 99
-0.481800 3.033000 197.025700 171 125 116
-0.481800 3.084100 197.054100 98 103 63
-0.481800 3.084300 197.053900 91 99 55
-0.481700 3.039000 197.028000 167 101 86
-0.481600 3.082300 197.048400 126 83 108
-0.481500 3.079600 197.038500 142 86 100
-0.481400 3.091400 197.054300 133 101 95
-0.481200 3.082100 197.046800 122 77 104
-0.480900 3.080700 197.040400 113 82 59
-0.480800 3.085100 197.054200 78 80 27
-0.480600 3.050700 197.030500 188 113 106
-0.480600 3.080500 197.039100 121 81 55
-0.480500 3.083000 197.048400 87 80 61
-0.480400 3.036300 197.030500 169 98 84
-0.480300 3.082800 197.047600 101 81 66
-0.479700 3.081500 197.039900 118 87 94
-0.479700 3.085600 197.054200 93 69 32
-0.479500 3.081300 197.038900 110 77 78
-0.479400 3.083500 197.048200 60 58 43
-0.479200 3.082300 197.042200 112 59 49
-0.478600 3.086400 197.054200 92 82 44
-0.478500 3.046100 197.031300 168 118 77
-0.478200 3.034200 197.023400 188 113 110
-0.478200 3.055800 197.025200 161 106 98
-0.478200 3.083100 197.042700 75 62 35
-0.478100 3.081800 197.037400 116 91 49
-0.478000 3.034000 197.022800 194 118 116
-0.478000 3.044100 197.031400 177 118 87
-0.477500 3.083700 197.044300 70 36 29
-0.477500 3.086900 197.054200 72 63 36
-0.477300 3.082600 197.038400 118 84 58
-0.477000 3.042000 197.029300 169 110 96
-0.476900 3.034300 197.022300 174 112 107
-0.476900 3.034600 197.022200 173 108 106
-0.476700 3.083400 197.040500 84 51 28
-0.476400 3.087000 197.054300 80 62 33
-0.476400 3.087200 197.054200 74 55 29
-0.476000 3.037000 197.030800 235 190 206
-0.476000 3.084100 197.042300 117 59 40
-0.475700 3.034900 197.021500 181 117 113
-0.475500 3.034100 197.021600 192 131 119
-0.475500 3.034300 197.021100 190 127 118
-0.475200 3.037500 197.031400 253 241 250
-0.474900 3.053500 197.022400 180 115 116
-0.474800 3.053300 197.022200 175 113 116
-0.474700 3.053100 197.022200 169 110 113
-0.474400 3.030700 197.031800 152 106 73
-0.474400 3.034800 197.020700 193 128 131
-0.474400 3.089400 197.054200 104 73 73
-0.474300 3.088200 197.054300 110 103 90
-0.474200 3.034000 197.021200 193 134 119
-0.473600 3.056300 197.024600 128 62 39
-0.473500 3.031300 197.032000 169 120 113
-0.473500 3.050400 197.024500 191 122 108
-0.473500 3.055900 197.024200 137 61 48
-0.473500 3.093100 197.054300 72 47 24
-0.473200 3.057600 197.026700 132 101 47
-0.473200 3.089100 197.054300 123 92 79
-0.473000 3.054300 197.028800 124 63 30
-0.472100 3.090600 197.054000 122 98 50
-0.472000 3.049100 197.024200 186 127 116
-0.472000 3.052200 197.021100 179 109 123
-0.472000 3.053700 197.030400 141 70 32
-0.471900 3.035100 197.019900 210 151 142
-0.471900 3.049400 197.023500 186 126 116
-0.471900 3.052000 197.020800 180 112 122
-0.471900 3.064300 197.030300 184 121 119
-0.471800 3.049800 197.022800 185 123 119
-0.471700 3.050100 197.021800 184 121 119
-0.471700 3.051200 197.020800 183 125 121
-0.471400 3.052800 197.028400 144 73 37
-0.471300 3.031700 197.032400 160 115 95
-0.471200 3.047000 197.028200 183 125 130
-0.471200 3.054000 197.031600 133 69 29
-0.471200 3.091700 197.054300 132 93 93
-0.471000 3.036000 197.019700 199 135 138
-0.471000 3.053100 197.031400 132 68 34
-0.471000 3.089900 197.054200 129 96 72
-0.470900 3.052900 197.031300 133 67 35
-0.470700 3.035000 197.019600 203 141 139
-0.470700 3.035200 197.019300 204 142 140
-0.470700 3.035400 197.019300 205 141 140
-0.470600 3.048200 197.024200 179 121 109
-0.470500 3.048400 197.023500 176 119 103
-0.470500 3.051200 197.020500 152 103 105
-0.470300 3.049100 197.021600 173 118 95
-0.470300 3.050900 197.019700 151 95 98
-0.470300 3.052100 197.029100 134 65 36
-0.470200 3.063500 197.028500 172 119 109
-0.470100 3.036500 197.020300 193 120 131
-0.470100 3.049600 197.020100 175 121 102
-0.470000 3.069100 197.028000 174 115 113
-0.469900 3.090400 197.054200 92 74 51
-0.469800 3.036100 197.019500 195 119 126
-0.469700 3.035100 197.020100 200 136 120
-0.469600 3.035700 197.034800 188 138 134
-0.469500 3.035300 197.018900 197 131 119
-0.469500 3.036000 197.033800 187 139 131
-0.469300 3.036200 197.032900 187 139 129
-0.469300 3.036900 197.021300 181 125 128
-0.469100 3.035700 197.038100 132 76 46
-0.469100 3.036500 197.031500 187 139 127
-0.469100 3.036700 197.020700 183 124 120
-0.469100 3.047500 197.023300 170 118 113
-0.469100 3.050500 197.020000 156 100 56
-0.469100 3.051300 197.030000 144 71 39
-0.469000 3.036100 197.037300 162 111 86
-0.469000 3.036300 197.036900 171 121 97
-0.469000 3.051100 197.029500 148 74 44
-0.468900 3.034800 197.022000 200 137 109
-0.468900 3.036400 197.020100 192 128 112
-0.468900 3.050900 197.029200 153 80 50
-0.468800 3.035300 197.037300 130 70 47
-0.468800 3.036600 197.035400 179 127 106
-0.468700 3.035100 197.021000 205 136 113
-0.468700 3.049700 197.019000 188 123 96
-0.468700 3.090300 197.053900 76 73 47
-0.468700 3.090500 197.054000 74 63 42
-0.468600 3.035100 197.036500 130 66 49
-0.468600 3.035800 197.019600 209 137 117
-0.468600 3.036900 197.034100 185 130 113
-0.468500 3.051700 197.031900 157 75 68
-0.468400 3.037100 197.032700 184 129 116
-0.468200 3.035000 197.035000 132 63 51
-0.467900 3.010800 197.027800 181 116 113
-0.467800 3.035000 197.032800 136 63 55
-0.467600 3.046600 197.022600 193 123 112
-0.467500 3.046900 197.021900 192 121 116
-0.467500 3.090400 197.053700 92 75 55
-0.467300 3.047100 197.020700 189 119 118
-0.467300 3.053800 197.029600 134 87 58
-0.467100 3.017700 197.023600 211 143 146
-0.467100 3.029100 197.032600 149 105 77
-0.467000 3.043300 197.029100 164 102 98
-0.467000 3.043500 197.028900 168 106 103
-0.466900 3.017300 197.023300 203 134 126
-0.466800 3.028700 197.032000 140 99 70
-0.466800 3.041200 197.031100 168 110 106
-0.466800 3.041400 197.031000 169 107 102
-0.466700 3.019900 197.023500 190 138 139
-0.466700 3.036400 197.031400 144 77 63
-0.466600 3.037000 197.030100 164 104 85
-0.466500 3.037300 197.029300 168 115 83
-0.466500 3.037500 197.029100 179 124 95
-0.466500 3.090500 197.054000 86 37 50
-0.466400 3.019300 197.022800 222 149 151
-0.466400 3.031300 197.031500 147 90 65
-0.466400 3.035800 197.030500 122 57 27
-0.466400 3.090300 197.053400 91 41 55
-0.466200 3.021600 197.023600 185 126 119
-0.466200 3.045200 197.023000 184 125 118
-0.466100 3.045500 197.022200 187 129 118
-0.466000 3.035700 197.028900 122 60 27
-0.465900 3.046000 197.020500 184 125 105
-0.465800 3.021300 197.022400 190 130 127
-0.465800 3.029500 197.031500 175 112 95
-0.465800 3.046200 197.019800 181 122 96
-0.465700 3.017300 197.023500 180 113 109
-0.465700 3.017500 197.023100 184 117 114
-0.465700 3.047700 197.017900 169 104 107
-0.465600 3.039500 197.022000 160 103 112
-0.465600 3.041500 197.030500 164 105 102
-0.465600 3.042100 197.029500 169 105 102
-0.465400 3.034100 197.023000 125 48 48
-0.465400 3.090500 197.054100 65 58 40
-0.465300 3.015200 197.030300 155 88 64
-0.465300 3.023000 197.022900 177 117 112
-0.465300 3.035400 197.026000 125 65 32
-0.465300 3.041000 197.029600 157 98 106
-0.465200 3.020400 197.021400 193 129 142
-0.465100 3.020000 197.021600 204 123 140
-0.465000 3.035300 197.025100 127 68 37
-0.465000 3.040800 197.028300 157 99 109
-0.465000 3.085400 197.031700 130 83 60
-0.464800 3.068500 197.031000 174 119 122
-0.464700 3.016700 197.030500 158 101 77
-0.464600 3.022400 197.020800 192 124 126
-0.464500 3.049000 197.032400 140 81 55
-0.464400 3.022000 197.020700 199 128 137
-0.464400 3.045000 197.020200 184 127 116
-0.464400 3.047000 197.017700 181 116 99
-0.464400 3.048600 197.032300 153 92 72
-0.464200 3.039900 197.020400 175 112 114
-0.464200 3.048100 197.032000 155 86 70
-0.464100 3.021000 197.020500 188 113 132
-0.464100 3.046000 197.017700 177 121 105
-0.464100 3.046400 197.017200 177 111 111
-0.464100 3.090600 197.053500 72 59 43
-0.464000 3.020100 197.021800 186 113 120
-0.464000 3.032400 197.029800 172 107 105
-0.464000 3.039700 197.019700 168 107 104
-0.464000 3.057200 197.031900 148 106 79
-0.463900 3.034600 197.020600 118 53 30
-0.463900 3.039500 197.019100 162 103 94
-0.463900 3.041600 197.027600 168 105 100
-0.463900 3.042200 197.026700 183 117 104
-0.463800 3.042400 197.026200 184 119 103
-0.463800 3.069500 197.030600 174 117 108
-0.463800 3.100700 197.054300 124 67 56
-0.463700 3.031800 197.029500 157 94 94
-0.463700 3.099200 197.054200 74 86 19
-0.463700 3.099900 197.054300 104 88 38
-0.463700 3.100200 197.054200 112 87 45
-0.463600 3.061700 197.031200 209 142 157
-0.463500 3.041100 197.026200 152 96 78
-0.463400 3.022800 197.019900 179 119 111
-0.463200 3.020200 197.028600 156 109 86
-0.463200 3.041000 197.025300 150 96 69
-0.463200 3.046700 197.017700 173 112 56
-0.463100 3.090900 197.054000 70 56 34
-0.463000 3.046100 197.017600 183 121 86
-0.463000 3.047900 197.032000 153 91 72
-0.463000 3.052100 197.032500 151 97 102
-0.463000 3.065400 197.030000 224 164 159
-0.463000 3.065600 197.030100 214 157 146
-0.462900 3.040800 197.023800 147 97 60
-0.462900 3.045800 197.017400 184 119 95
-0.462800 3.047500 197.031600 151 87 57
-0.462800 3.051700 197.032400 139 85 83
-0.462700 3.026500 197.021800 172 120 81
-0.462700 3.032800 197.028500 176 119 106
-0.462700 3.101800 197.054000 118 94 82
-0.462600 3.023900 197.019700 173 121 103
-0.462600 3.033200 197.027300 176 119 109
-0.462600 3.057300 197.030500 161 110 93
-0.462600 3.100000 197.053900 109 78 59
-0.462600 3.100400 197.054000 105 82 65
-0.462500 3.033700 197.026100 168 109 103
-0.462500 3.035400 197.018200 146 97 76
-0.462500 3.056900 197.030600 155 109 86
-0.462500 3.099200 197.053900 109 76 53
-0.462300 3.032500 197.027300 164 107 90
-0.462300 3.056000 197.030300 173 111 109
-0.462200 3.055400 197.030800 169 97 100
-0.462000 3.028300 197.021200 171 122 93
-0.462000 3.039000 197.016700 171 109 116
-0.462000 3.054400 197.030700 157 81 59
-0.461900 3.025600 197.019300 176 120 103
-0.461900 3.038600 197.016300 179 120 116
-0.461900 3.038800 197.016200 173 115 111
-0.461900 3.053800 197.030700 145 83 66
-0.461900 3.091000 197.053300 80 60 53
-0.461800 3.021600 197.030900 183 116 108
-0.461800 3.025400 197.019100 179 119 112
-0.461700 3.027900 197.020400 176 122 102
-0.461700 3.041800 197.022400 186 120 109
-0.461700 3.047400 197.031800 151 94 64
-0.461700 3.053200 197.030600 145 93 76
-0.461600 3.025100 197.019000 181 118 129
-0.461600 3.037600 197.016400 183 119 131
-0.461600 3.041600 197.021900 183 119 103
-0.461600 3.060300 197.028400 175 118 113
-0.461500 3.047000 197.031400 147 82 55
-0.461400 3.041500 197.021100 179 119 95
-0.461400 3.059600 197.027700 175 109 116
-0.461400 3.101000 197.053800 113 90 54
-0.461300 3.046700 197.030900 154 66 55
-0.461300 3.051600 197.030400 130 83 79
-0.461200 3.059000 197.027600 185 112 122
-0.461100 3.029700 197.020500 162 109 121
-0.461100 3.058800 197.027100 185 112 122
-0.461000 3.035900 197.016100 172 106 94
-0.461000 3.041200 197.019900 176 117 86
-0.461000 3.050900 197.029900 119 69 71
-0.461000 3.051300 197.029300 124 77 76
-0.460900 3.033300 197.024700 168 112 109
-0.460900 3.033500 197.024700 170 117 110
-0.460900 3.046100 197.029800 168 70 66
-0.460900 3.050700 197.029600 121 69 72
-0.460800 3.034200 197.023300 179 122 116
-0.460800 3.045900 197.029100 166 80 65
-0.460800 3.050100 197.029600 135 75 82
-0.460700 3.034400 197.022100 183 123 118
-0.460600 3.045800 197.028300 163 86 64
-0.460600 3.090900 197.052900 96 74 65
-0.460500 3.033100 197.023000 164 105 106
-0.460500 3.049800 197.028700 137 69 75
-0.460400 3.048800 197.029300 141 69 76
-0.460400 3.056000 197.026600 168 98 90
-0.460400 3.056400 197.026200 171 103 103
-0.460200 3.031100 197.019100 181 109 106
-0.460200 3.031200 197.019200 176 103 97
-0.460200 3.048400 197.029000 150 78 78
-0.460100 3.028000 197.018100 168 119 117
-0.460100 3.048000 197.028700 154 85 83
-0.460100 3.062400 197.024100 155 108 67
-0.460000 3.045500 197.026000 157 93 61
-0.460000 3.054600 197.026100 154 81 56
-0.459900 3.047500 197.028600 158 83 93
-0.459900 3.062100 197.023500 167 119 108
-0.459900 3.062300 197.023500 159 112 85
-0.459800 3.046600 197.029200 168 84 94
-0.459800 3.054500 197.025300 154 81 61
-0.459700 3.045300 197.024600 154 92 62
-0.459700 3.053200 197.026400 162 87 83
-0.459700 3.053800 197.025700 155 81 77
-0.459700 3.060700 197.023700 180 115 113
-0.459700 3.061500 197.023200 173 121 111
-0.459600 3.046500 197.028100 168 90 92
-0.459600 3.060200 197.023700 187 113 135
-0.459600 3.060900 197.023200 179 116 108
-0.459500 3.052900 197.025700 157 78 78
-0.459500 3.091000 197.052600 91 69 57
-0.459400 3.014700 197.031200 156 91 77
-0.459300 3.029600 197.017300 184 128 100
-0.459300 3.046300 197.027100 167 93 87
-0.459300 3.059600 197.023100 189 115 144
-0.459300 3.065300 197.023000 164 106 71
-0.459300 3.073800 197.027100 159 106 70
-0.459200 3.059200 197.023000 177 110 123
-0.459100 3.046100 197.026400 163 96 80
-0.459100 3.052100 197.024700 156 76 85
-0.459100 3.068700 197.024700 162 88 71
-0.458900 3.046000 197.025500 159 95 74
-0.458900 3.051400 197.024600 137 60 62
-0.458900 3.051600 197.024200 140 63 66
-0.458900 3.058300 197.022200 174 111 112
-0.458900 3.067900 197.024100 164 86 65
-0.458800 3.034300 197.018700 184 117 114
-0.458800 3.035200 197.017800 179 117 116
-0.458800 3.051200 197.024100 143 63 65
-0.458700 3.034000 197.019000 180 115 105
-0.458700 3.050600 197.024500 154 59 74
-0.458700 3.058000 197.021900 168 103 108
-0.458500 3.045900 197.023800 155 92 70
-0.458500 3.057200 197.021600 161 94 107
-0.458500 3.057600 197.021100 161 95 106
-0.458500 3.091500 197.053000 106 74 53
-0.458400 3.062600 197.021300 171 117 128
-0.458400 3.066600 197.023100 158 92 71
-0.458400 3.091300 197.052800 108 70 54
-0.458300 3.030100 197.017200 194 123 107
-0.458300 3.030300 197.016800 195 125 109
-0.458300 3.056800 197.021100 169 103 106
-0.458300 3.061800 197.021100 156 102 75
-0.458300 3.062400 197.021000 168 115 118
-0.458200 3.027300 197.032000 172 117 102
-0.458200 3.028300 197.030800 161 105 64
-0.458200 3.045700 197.022600 154 88 70
-0.458200 3.049300 197.023500 164 91 93
-0.458100 3.055700 197.021300 172 112 92
-0.458000 3.049000 197.022800 160 85 93
-0.458000 3.055100 197.021600 174 117 103
-0.458000 3.055500 197.020800 172 113 94
-0.458000 3.065300 197.022300 173 105 96
-0.458000 3.069600 197.029400 145 65 70
-0.457900 3.061000 197.020300 159 96 61
-0.457900 3.061300 197.020100 156 97 56
-0.457800 3.069100 197.029300 143 62 67
-0.457700 3.030300 197.019700 174 110 71
-0.457700 3.053900 197.021100 177 113 100
-0.457600 3.059400 197.020200 177 107 98
-0.457400 3.029100 197.031100 177 108 87
-0.457400 3.029300 197.030600 179 108 93
-0.457400 3.053200 197.020400 175 115 76
-0.457400 3.064800 197.025400 161 86 74
-0.457300 3.029600 197.030000 181 109 97
-0.457300 3.053400 197.019900 183 120 87
-0.457300 3.058300 197.020000 176 97 108
-0.457200 3.029800 197.029300 183 109 99
-0.457200 3.060400 197.022700 179 108 99
-0.457200 3.064000 197.025100 146 84 73
-0.457200 3.091600 197.052200 98 78 46
-0.457200 3.091700 197.052400 97 81 43
-0.457100 3.057100 197.020000 173 106 119
-0.457100 3.057300 197.019800 173 102 116
-0.457100 3.057900 197.019200 173 94 108
-0.457100 3.060200 197.022500 170 102 89
-0.457000 3.027700 197.031400 159 105 103
-0.457000 3.027900 197.031100 162 105 102
-0.457000 3.069600 197.030400 122 57 17
-0.457000 3.069800 197.030100 123 56 17
-0.456900 3.030800 197.026500 186 107 96
-0.456900 3.056600 197.019800 167 111 112
-0.456900 3.069200 197.030100 125 64 23
-0.456900 3.069400 197.030200 123 60 19
-0.456800 3.058800 197.022400 166 104 78
-0.456800 3.061300 197.025800 152 80 82
-0.456800 3.064100 197.028700 146 72 48
-0.456800 3.064300 197.028400 143 69 49
-0.456700 3.033800 197.015200 193 121 122
-0.456700 3.062700 197.029500 155 68 56
-0.456700 3.062900 197.029100 156 73 53
-0.456600 3.033400 197.015500 192 119 136
-0.456600 3.058400 197.021900 164 98 83
-0.456600 3.068100 197.029300 140 81 65
-0.456500 3.031300 197.023300 189 109 107
-0.456500 3.067000 197.024400 145 91 39
-0.456400 3.057200 197.022400 159 93 99
-0.456400 3.061300 197.029500 161 84 65
-0.456400 3.066600 197.024100 141 80 36
-0.456300 3.025800 197.031100 179 120 113
-0.456300 3.057500 197.021600 159 90 95
-0.456300 3.057900 197.021000 159 87 88
-0.456300 3.059800 197.030100 169 95 79
-0.456300 3.060400 197.029800 168 99 78
-0.456200 3.056300 197.022200 155 106 112
-0.456100 3.053900 197.019100 168 110 64
-0.456100 3.055100 197.023100 170 111 90
-0.456100 3.055500 197.022600 163 106 102
-0.456100 3.055900 197.027900 152 87 71
-0.456100 3.056100 197.022000 154 106 111
-0.456100 3.056300 197.027500 154 88 78
-0.456100 3.056500 197.027200 151 85 75
-0.456000 3.030000 197.028600 170 109 105
-0.456000 3.030200 197.028100 169 109 112
-0.456000 3.030400 197.028000 169 109 117
-0.456000 3.054700 197.023400 173 113 74
-0.456000 3.058700 197.030000 149 65 80
-0.456000 3.064000 197.030200 150 75 59
-0.455900 3.030600 197.027300 177 111 105
-0.455900 3.053300 197.018500 170 116 72
-0.455900 3.055300 197.027600 143 83 48
-0.455900 3.058300 197.030200 147 70 75
-0.455800 3.030900 197.026400 187 116 95
-0.455800 3.043200 197.014100 184 121 100
-0.455800 3.052700 197.018600 159 106 83
-0.455800 3.054300 197.022700 163 103 63
-0.455800 3.057300 197.030900 153 92 59
-0.455700 3.024100 197.031000 179 126 120
-0.455700 3.029400 197.028300 168 105 87
-0.455700 3.031100 197.025400 190 118 102
-0.455700 3.052500 197.029600 142 90 66
-0.455700 3.053300 197.029000 149 96 79
-0.455700 3.054300 197.027800 150 92 50
-0.455700 3.061900 197.030900 169 92 76
-0.455600 3.028300 197.029300 171 105 112
-0.455600 3.029000 197.028500 168 103 90
-0.455600 3.048300 197.017300 172 122 123
-0.455600 3.052400 197.023700 151 95 81
-0.455600 3.052900 197.023100 166 107 88
-0.455600 3.053400 197.022700 166 105 92
-0.455500 3.028200 197.029300 171 106 116
-0.455500 3.052200 197.023600 154 96 76
-0.455500 3.052800 197.028900 146 100 76
-0.455500 3.053200 197.028300 150 98 81
-0.455500 3.053500 197.028000 148 93 74
-0.455500 3.066200 197.025500 153 81 53
-0.455500 3.066700 197.025300 139 81 20
-0.455400 3.031500 197.023600 191 119 110
-0.455400 3.051400 197.029500 155 87 70
-0.455400 3.052000 197.028700 145 83 62
-0.455400 3.066400 197.025200 149 83 35
-0.455200 3.023000 197.030600 184 140 118
-0.455200 3.027600 197.028500 169 109 116
-0.455200 3.032000 197.021600 185 119 120
-0.455200 3.050100 197.024400 161 108 94
-0.455200 3.092300 197.053200 83 96 80
-0.455100 3.049900 197.024100 161 106 98
-0.455100 3.050300 197.029500 136 74 73
-0.455100 3.050700 197.023500 168 118 77
-0.455100 3.053400 197.031500 147 88 64
-0.455000 3.027100 197.028300 170 117 112
-0.455000 3.049900 197.029400 129 68 70
-0.455000 3.052900 197.031600 153 97 63
-0.454900 3.022300 197.030300 192 137 128
-0.454900 3.049500 197.029600 127 63 64
-0.454900 3.057500 197.031700 157 98 80
-0.454800 3.049400 197.029100 137 72 72
-0.454700 3.026400 197.028100 191 125 119
-0.454600 3.049000 197.028700 161 99 94
-0.454500 3.026000 197.028000 197 124 122
-0.454400 3.021400 197.029500 197 140 125
-0.454400 3.050300 197.031600 148 66 77
-0.454300 3.025200 197.028300 185 127 125
-0.454300 3.048000 197.028400 143 97 72
-0.454300 3.050100 197.031300 146 66 73
-0.454100 3.020600 197.029500 192 141 132
-0.454100 3.047400 197.028000 140 88 72
-0.454100 3.065600 197.030700 156 90 65
-0.454000 3.024700 197.027800 186 141 129
-0.454000 3.092200 197.052700 71 88 40
-0.454000 3.092300 197.053100 81 92 49
-0.453900 3.024500 197.027400 187 143 129
-0.453900 3.092000 197.052400 65 86 32
-0.453800 3.019800 197.029500 190 148 152
-0.453800 3.047300 197.026800 141 86 76
-0.453700 3.048400 197.030400 169 110 82
-0.453600 3.047100 197.026100 145 88 81
-0.453500 3.018600 197.030000 196 143 156
-0.453500 3.023400 197.027800 187 133 116
-0.453500 3.048000 197.030300 168 109 77
-0.453400 3.047800 197.029700 158 102 69
-0.453400 3.050500 197.032300 142 93 73
-0.453300 3.028500 197.023600 206 119 120
-0.453300 3.047000 197.024800 149 91 85
-0.453200 3.022400 197.027600 190 138 122
-0.453200 3.028100 197.023700 199 119 113
-0.453200 3.047600 197.028900 154 98 64
-0.453100 3.022700 197.027000 190 138 121
-0.453000 3.017500 197.029900 188 136 135
-0.453000 3.028000 197.023200 195 127 116
-0.453000 3.046900 197.023300 151 92 89
-0.452900 3.017200 197.030000 172 122 116
-0.452900 3.022100 197.027100 187 138 122
-0.452900 3.047500 197.027600 153 97 62
-0.452900 3.092300 197.053000 103 75 41
-0.452800 3.027400 197.022800 197 134 122
-0.452600 3.027300 197.022200 199 134 124
-0.452500 3.047400 197.025900 154 99 62
-0.452400 3.020800 197.026900 184 146 132
-0.452400 3.026900 197.021900 201 134 128
-0.452300 3.051000 197.031900 147 83 87
-0.452100 3.020000 197.026600 195 149 137
-0.452000 3.025600 197.021900 183 137 130
-0.451900 3.019200 197.027200 188 137 131
-0.451800 3.019000 197.027000 191 139 135
-0.451800 3.025500 197.021600 187 138 131
-0.451800 3.092300 197.053000 91 38 18
-0.451700 3.024900 197.021700 203 138 134
-0.451500 3.023700 197.022800 209 140 147
-0.451500 3.024800 197.021100 207 139 135
-0.451400 3.024200 197.021500 210 143 144
-0.451300 3.017800 197.027000 195 137 142
-0.451200 3.017200 197.027300 173 118 120
-0.451200 3.023200 197.022800 209 137 149
-0.450900 3.022400 197.022400 203 134 140
-0.450700 3.022100 197.022100 206 138 137
-0.450700 3.092600 197.053200 118 100 43
-0.450600 3.015700 197.027400 174 119 96
-0.450600 3.021500 197.022400 217 150 140
-0.450600 3.027700 197.017700 196 137 126
-0.450600 3.030900 197.029200 181 125 111
-0.450600 3.031300 197.028800 187 122 113
-0.450600 3.031900 197.027600 185 113 110
-0.450600 3.045200 197.013900 179 111 128
-0.450500 3.030200 197.030000 155 113 92
-0.450500 3.032200 197.026700 185 112 110
-0.450300 3.015000 197.027500 171 107 97
-0.450300 3.029900 197.029600 161 102 90
-0.450300 3.032400 197.025300 185 112 111
-0.450200 3.020700 197.022100 202 151 136
-0.450100 3.020300 197.022400 218 168 154
-0.450100 3.025800 197.018400 195 140 121
-0.450100 3.029300 197.023900 169 109 81
-0.450100 3.032700 197.023800 186 113 112
-0.450000 3.020000 197.022400 219 168 160
-0.450000 3.020100 197.022100 219 168 157
-0.450000 3.025700 197.018100 197 135 121
-0.450000 3.028200 197.025300 167 109 102
-0.450000 3.028200 197.030600 162 101 88
-0.450000 3.028400 197.030300 161 104 86
-0.450000 3.028700 197.024500 159 103 86
-0.450000 3.028900 197.024000 160 103 81
-0.449900 3.019800 197.022300 212 160 156
-0.449900 3.025500 197.017900 205 137 125
-0.449900 3.028600 197.029900 160 104 80
-0.449900 3.031500 197.030600 170 111 100
-0.449800 3.024300 197.019400 208 134 135
-0.449800 3.024900 197.018300 219 145 130
-0.449800 3.027600 197.025000 152 100 89
-0.449800 3.027800 197.030300 160 99 86
-0.449800 3.030700 197.031200 170 119 110
-0.449800 3.031300 197.030300 169 113 103
-0.449700 3.024500 197.018900 212 137 132
-0.449700 3.030500 197.031300 166 108 104
-0.449700 3.032000 197.028900 173 110 98
-0.449600 3.032200 197.028100 176 111 99
-0.449500 3.023500 197.019600 205 134 146
-0.449500 3.026500 197.025500 154 101 74
-0.449500 3.026700 197.025100 147 95 69
-0.449500 3.092700 197.053100 73 86 7
-0.449400 3.023200 197.019600 203 134 145
-0.449400 3.027100 197.029900 149 96 60
-0.449300 3.018900 197.021200 225 168 184
-0.449300 3.025500 197.020600 187 120 106
-0.449300 3.025500 197.026700 161 96 68
-0.449300 3.026500 197.030300 161 105 70
-0.449300 3.092300 197.052100 85 88 13
-0.449200 3.008000 197.030100 175 116 111
-0.449200 3.025200 197.020500 189 119 111
-0.449200 3.025800 197.019800 185 122 104
-0.449000 3.017400 197.022300 172 119 123
-0.449000 3.021800 197.019900 193 135 127
-0.449000 3.024500 197.026700 158 84 97
-0.449000 3.028100 197.032200 175 106 109
-0.448900 3.017200 197.022300 172 118 120
-0.448900 3.021700 197.019900 196 142 131
-0.448900 3.024200 197.021100 186 112 108
-0.448700 3.020600 197.020700 220 166 155
-0.448700 3.023200 197.021900 163 104 81
-0.448600 3.015800 197.023500 170 112 113
-0.448600 3.016100 197.022800 172 116 117
-0.448600 3.022600 197.022000 163 113 86
-0.448600 3.022800 197.027500 144 77 43
-0.448600 3.023700 197.026400 157 82 82
-0.448600 3.030200 197.031700 156 92 84
-0.448400 3.020100 197.020200 226 169 162
-0.448400 3.020300 197.020100 226 171 161
-0.448400 3.029500 197.032100 160 92 70
-0.448300 3.021800 197.022300 171 115 102
-0.448300 3.092200 197.052400 93 98 49
-0.448300 3.092400 197.052600 88 96 45
-0.448200 3.020800 197.023400 190 130 108
-0.448200 3.021200 197.022900 189 123 109
-0.448100 3.019200 197.020500 227 168 171
-0.448100 3.021000 197.022800 192 127 110
-0.448100 3.021500 197.027600 157 68 46
-0.448100 3.021700 197.027200 154 68 43
-0.448000 3.013900 197.024000 195 119 121
-0.448000 3.019000 197.020100 228 168 174
-0.448000 3.020900 197.028000 155 77 42
-0.447900 3.013700 197.024100 188 116 116
-0.447900 3.018500 197.020700 219 159 171
-0.447900 3.020500 197.022900 186 131 106
-0.447900 3.020700 197.028000 151 80 39
-0.447800 3.018900 197.019800 227 167 176
-0.447700 3.019600 197.023400 190 136 108
-0.447700 3.019800 197.023200 188 134 106
-0.447600 3.017500 197.021100 167 119 110
-0.447600 3.044800 197.016500 175 126 71
-0.447500 3.019700 197.027900 163 78 56
-0.447400 3.020900 197.031100 142 96 58
-0.447400 3.044700 197.015700 174 122 70
-0.447300 3.018300 197.023800 177 124 103
-0.447300 3.018700 197.023300 187 133 108
-0.447300 3.045500 197.019900 169 122 102
-0.447300 3.056300 197.028800 159 110 106
-0.447300 3.087200 197.031400 132 66 53
-0.447200 3.020200 197.031200 146 90 57
-0.447200 3.042900 197.011400 171 115 105
-0.447200 3.044500 197.014800 173 119 72
-0.447200 3.046400 197.023300 168 119 108
-0.447200 3.086800 197.031200 141 77 62
-0.447100 3.018100 197.023300 176 123 103
-0.447100 3.030700 197.029600 184 121 108
-0.447100 3.036700 197.014300 189 121 123
-0.447100 3.092100 197.052400 94 83 38
-0.447000 3.018000 197.023400 179 123 103
-0.447000 3.042600 197.011000 176 120 103
-0.447000 3.045200 197.018800 173 117 104
-0.447000 3.046100 197.022800 152 111 89
-0.446900 3.017200 197.024100 173 117 89
-0.446900 3.042200 197.010600 175 121 100
-0.446900 3.045900 197.022600 146 106 81
-0.446800 3.045000 197.017800 173 112 105
-0.446800 3.046900 197.026700 172 116 116
-0.446700 3.045800 197.022200 147 99 83
-0.446600 3.014000 197.022900 158 104 98
-0.446600 3.014200 197.022400 151 101 94
-0.446600 3.017300 197.028000 172 77 94
-0.446400 3.013200 197.023600 170 106 100
-0.446400 3.016900 197.028100 163 66 97
-0.446400 3.044900 197.015900 172 106 104
-0.446400 3.046300 197.025300 159 94 104
-0.446300 3.020700 197.031600 133 94 46
-0.446300 3.037400 197.020600 161 121 88
-0.446300 3.038100 197.019400 194 137 110
-0.446300 3.043800 197.010900 169 118 92
-0.446300 3.047200 197.029600 164 112 102
-0.446200 3.038400 197.018600 193 132 112
-0.446200 3.044800 197.014800 170 102 98
-0.446200 3.045600 197.019700 151 90 89
-0.446100 3.043700 197.010100 167 116 89
-0.446100 3.045900 197.024500 149 81 93
-0.446100 3.046900 197.029200 157 104 99
-0.446100 3.086900 197.031100 149 72 69
-0.446000 3.051000 197.017000 158 95 82
-0.446000 3.092000 197.052300 77 78 46
-0.445900 3.017300 197.030600 154 62 78
-0.445900 3.091900 197.052100 81 78 45
-0.445800 3.014300 197.024100 156 99 103
-0.445800 3.015400 197.028200 147 74 69
-0.445800 3.017200 197.030300 164 70 94
-0.445800 3.045900 197.023100 149 81 88
-0.445800 3.046100 197.028300 153 94 81
-0.445800 3.050600 197.016500 170 104 93
-0.445700 3.037300 197.023700 148 108 53
-0.445700 3.045500 197.017300 155 85 95
-0.445700 3.050000 197.016700 170 119 103
-0.445700 3.050400 197.016200 173 110 98
-0.445700 3.058800 197.029300 139 95 67
-0.445600 3.038000 197.022000 160 108 62
-0.445600 3.043400 197.008400 168 113 93
-0.445600 3.044800 197.012200 162 98 83
-0.445600 3.045900 197.027600 149 85 78
-0.445500 3.047400 197.030700 152 93 59
-0.445400 3.044600 197.011100 154 93 67
-0.445300 3.036300 197.023400 157 97 88
-0.445300 3.045500 197.015400 159 81 99
-0.445300 3.050100 197.020300 157 93 82
-0.445200 3.040500 197.010100 176 124 94
-0.445200 3.046400 197.030900 147 87 42
-0.445200 3.054300 197.020300 142 101 68
-0.445100 3.041200 197.009000 173 120 114
-0.445100 3.041900 197.007800 169 113 90
-0.445100 3.046100 197.030700 140 90 37
-0.445000 3.008500 197.026300 151 103 92
-0.445000 3.017700 197.031000 158 83 86
-0.445000 3.036400 197.027200 141 92 78
-0.445000 3.042200 197.007000 172 115 92
-0.445000 3.042800 197.006400 177 115 99
-0.444900 3.008200 197.026500 150 102 83
-0.444900 3.036600 197.026500 141 93 79
-0.444900 3.045400 197.013100 156 92 93
-0.444900 3.049800 197.030800 144 85 65
-0.444800 3.091600 197.052300 98 88 77
-0.444600 3.045600 197.029000 147 95 41
-0.444600 3.051500 197.020600 154 102 93
-0.444500 3.045300 197.011400 154 100 85
-0.444400 3.053100 197.018000 149 103 47
-0.444400 3.053300 197.017900 149 104 51
-0.444300 3.045500 197.027600 147 95 43
-0.444200 3.036800 197.028200 152 98 77
-0.444100 3.045200 197.009900 153 104 84
-0.444000 3.040200 197.010400 185 126 109
-0.444000 3.045900 197.031400 132 75 59
-0.443900 3.040500 197.009500 181 125 110
-0.443800 3.045600 197.030900 134 81 56
-0.443600 3.056700 197.020900 162 102 77
-0.443600 3.091300 197.052100 82 73 64
-0.443500 3.034200 197.017300 173 116 99
-0.443500 3.053800 197.018300 173 119 103
-0.443400 3.011300 197.030400 137 72 47
-0.443400 3.045600 197.011300 143 70 49
-0.443300 3.031600 197.021000 157 126 105
-0.443300 3.034000 197.017000 183 123 109
-0.443300 3.045000 197.029300 132 80 60
-0.443200 3.031900 197.019900 160 125 107
-0.443200 3.045400 197.016300 139 63 77
-0.443100 3.058200 197.022300 160 99 95
-0.443000 3.055700 197.018800 162 119 113
-0.442900 3.044700 197.027500 139 80 68
-0.442900 3.055400 197.018800 169 121 107
-0.442800 3.040200 197.010400 168 111 85
-0.442700 3.034900 197.029800 137 82 62
-0.442700 3.040400 197.009400 171 115 88
-0.442700 3.045300 197.031500 144 73 88
-0.442600 3.044600 197.026200 144 80 73
-0.442400 3.044400 197.025200 149 81 80
-0.442400 3.091100 197.051800 76 74 59
-0.442300 3.034200 197.029000 147 94 82
-0.442200 3.044700 197.029500 163 92 103
-0.442100 3.056600 197.019300 161 111 96
-0.442000 3.033300 197.017400 175 119 94
-0.442000 3.040200 197.011900 149 105 98
-0.441800 3.031100 197.020200 175 119 126
-0.441800 3.035000 197.030800 161 86 100
-0.441800 3.040500 197.010800 152 107 99
-0.441800 3.040900 197.009800 161 109 102
-0.441600 3.032000 197.017800 175 135 127
-0.441600 3.045600 197.031500 144 68 93
-0.441600 3.058500 197.020000 154 106 66
-0.441600 3.065600 197.030300 146 103 59
-0.441400 3.091000 197.052300 93 65 85
-0.441300 3.033900 197.030600 155 91 80
-0.441300 3.036900 197.031400 145 71 95
-0.441300 3.044200 197.020100 157 74 93
-0.441300 3.044400 197.025800 160 91 94
-0.441300 3.076100 197.030500 115 35 60
-0.441200 3.090600 197.051300 59 52 57
-0.441100 3.033600 197.029800 156 95 68
-0.441100 3.044100 197.019100 156 71 94
-0.441000 3.022500 197.031300 155 97 107
-0.441000 3.041100 197.011600 171 117 128
-0.441000 3.041300 197.011200 173 116 132
-0.441000 3.044200 197.024100 152 85 81
-0.440800 3.033200 197.029100 157 102 69
-0.440700 3.044000 197.017300 150 74 93
-0.440700 3.044200 197.022900 141 77 64
-0.440500 3.032000 197.017900 179 123 127
-0.440500 3.058800 197.019900 152 80 77
-0.440300 3.041900 197.012400 161 112 96
-0.440300 3.042100 197.012000 161 109 96
-0.440300 3.042300 197.011900 160 105 94
-0.440300 3.044100 197.020800 131 71 50
-0.440200 3.033800 197.031100 160 81 84
-0.440200 3.043500 197.015500 150 78 94
-0.440100 3.043000 197.015700 158 80 97
-0.440100 3.090300 197.051300 83 41 37
-0.440100 3.090500 197.051700 87 37 42
-0.440000 3.044000 197.019500 136 77 54
-0.440000 3.090200 197.051200 82 46 33
-0.439900 3.044400 197.024000 155 98 81
-0.439900 3.060600 197.020600 135 86 69
-0.439800 3.043900 197.018300 141 85 59
-0.439800 3.060400 197.020100 140 90 77
-0.439700 3.026600 197.029100 158 87 103
-0.439700 3.032800 197.030000 148 80 84
-0.439600 3.024800 197.031600 167 80 94
-0.439600 3.059100 197.020700 156 80 98
-0.439500 3.044300 197.022200 158 100 88
-0.439400 3.032500 197.029000 142 90 93
-0.439300 3.041400 197.019600 144 108 103
-0.439100 3.031300 197.017900 184 130 119
-0.439000 3.031100 197.017900 185 132 119
-0.439000 3.042900 197.015900 147 97 75
-0.439000 3.061000 197.021000 139 85 80
-0.439000 3.089900 197.051800 99 59 54
-0.438900 3.060800 197.020900 139 83 79
-0.438800 3.031800 197.021100 166 115 105
-0.438800 3.059500 197.022000 151 87 83
-0.438300 3.025900 197.029300 164 87 94
-0.438300 3.046000 197.031300 150 80 90
-0.438200 3.024900 197.030900 172 94 66
-0.438200 3.061900 197.021900 142 90 90
-0.437700 3.030200 197.018800 184 131 134
-0.437700 3.089500 197.051200 67 53 27
-0.437700 3.089600 197.051500 67 52 27
-0.437600 3.032700 197.031600 151 85 62
-0.437500 3.061600 197.024400 147 84 98
-0.437300 3.031900 197.031400 150 91 81
-0.437200 3.031700 197.031100 142 83 80
-0.437200 3.060400 197.030600 141 71 64
-0.437100 3.043100 197.017400 161 80 86
-0.436900 3.062700 197.025900 144 68 63
-0.436800 3.064100 197.023900 135 76 38
-0.436700 3.089400 197.051800 82 41 33
-0.436600 3.030000 197.019400 179 125 110
-0.436200 3.028900 197.019600 179 137 122
-0.436200 3.029100 197.019200 177 137 120
-0.436200 3.043900 197.017700 153 66 82
-0.436100 3.056700 197.029100 154 92 77
-0.435900 3.044700 197.020600 166 91 97
-0.435700 3.030700 197.031100 148 92 51
-0.435500 3.089300 197.051700 80 59 59
-0.435400 3.066800 197.025300 155 76 74
-0.435400 3.088800 197.051300 61 64 45
-0.435400 3.088900 197.051300 66 64 51
-0.435300 3.029400 197.019900 156 123 90
-0.435300 3.044400 197.018300 151 77 88
-0.435300 3.079300 197.032100 161 75 98
-0.435200 3.022700 197.031900 155 99 74
-0.435000 3.009800 197.028100 168 124 100
-0.435000 3.043700 197.017900 164 87 104
-0.434600 3.064600 197.029600 146 63 51
-0.434500 3.064400 197.029100 148 65 50
-0.434400 3.088500 197.052100 76 52 45
-0.434300 3.063400 197.029900 158 76 61
-0.434000 3.047000 197.031300 138 106 42
-0.433900 3.046800 197.031000 138 105 46
-0.433900 3.070900 197.025700 140 103 73
-0.433600 3.027700 197.020400 175 125 125
-0.433500 3.027100 197.020800 180 123 122
-0.433500 3.034300 197.031700 143 67 77
-0.433400 3.028700 197.023300 156 112 96
-0.433400 3.034100 197.031400 142 66 81
-0.433300 3.028600 197.022900 159 112 99
-0.433200 3.044600 197.018900 152 83 65
-0.433200 3.088300 197.051800 76 58 61
-0.433100 3.088000 197.051300 77 57 61
-0.433000 3.087800 197.051100 75 54 56
-0.432700 3.027800 197.021600 156 121 107
-0.432600 3.071000 197.024500 137 91 69
-0.432500 3.027200 197.021100 154 119 107
-0.432500 3.070500 197.024100 143 87 66
-0.432400 3.034700 197.031400 135 54 56
-0.432300 3.026700 197.021600 158 105 102
-0.432300 3.069900 197.023900 137 85 68
-0.432100 3.044700 197.018900 153 76 95
-0.431900 3.027900 197.023300 141 92 51
-0.431900 3.056100 197.025300 151 81 73
-0.431900 3.087700 197.051100 53 34 27
-0.431800 3.071300 197.025800 155 105 58
-0.431700 3.055800 197.024600 152 82 78
-0.431700 3.071100 197.025700 154 106 56
-0.431600 3.029200 197.030800 141 65 20
-0.431500 3.066400 197.023000 146 67 35
-0.431400 3.053800 197.026300 136 77 58
-0.431400 3.055500 197.023500 148 80 79
-0.431400 3.066200 197.022800 146 67 43
-0.431400 3.070300 197.024500 133 92 53
-0.431300 3.054200 197.024800 127 67 50
-0.431300 3.054400 197.024700 126 65 49
-0.431300 3.055200 197.023500 141 74 70
-0.431300 3.065800 197.022300 148 69 68
-0.431300 3.069800 197.024500 130 91 46
-0.431200 3.045000 197.019600 154 92 75
-0.431200 3.064600 197.023400 166 102 109
-0.431200 3.064800 197.023200 168 103 112
-0.431000 3.021100 197.031800 155 77 68
-0.430900 3.087700 197.052000 40 45 17
-0.430800 3.025200 197.022800 147 93 106
-0.430800 3.056600 197.025000 154 95 86
-0.430700 3.020500 197.031500 149 85 71
-0.430700 3.087300 197.050900 46 68 25
-0.430600 3.056400 197.024200 153 94 86
-0.430600 3.087000 197.050700 63 70 30
-0.430300 3.056200 197.022700 159 99 95
-0.430300 3.066800 197.021900 157 101 92
-0.430200 3.053900 197.025700 140 81 88
-0.430200 3.054100 197.025000 141 80 85
-0.430000 3.054600 197.023500 146 81 83
-0.430000 3.054800 197.022900 150 84 84
-0.430000 3.055800 197.021800 168 105 104
-0.430000 3.066500 197.020700 152 93 79
-0.429900 3.055100 197.021900 158 93 89
-0.429900 3.055500 197.021500 171 105 106
-0.429900 3.065900 197.020900 159 98 93
-0.429700 3.025400 197.022600 143 76 87
-0.429700 3.056500 197.025600 148 104 79
-0.429700 3.064200 197.021900 168 122 105
-0.429700 3.064500 197.021300 160 113 102
-0.429600 3.056300 197.024700 148 106 81
-0.429600 3.064800 197.020400 159 110 103
-0.429600 3.068200 197.029000 166 87 104
-0.429400 3.056200 197.024400 150 107 85
-0.429400 3.086600 197.050700 47 57 28
-0.429200 3.054900 197.024900 156 103 96
-0.429100 3.055200 197.023700 152 104 94
-0.429100 3.055700 197.023400 149 107 93
-0.429100 3.066900 197.021600 145 94 69
-0.429100 3.082000 197.032200 153 80 56
-0.428900 3.066200 197.021300 145 100 76
-0.428900 3.066400 197.021100 147 101 74
-0.428700 3.065300 197.021200 159 115 107
-0.428600 3.059700 197.027800 166 117 100
-0.428600 3.064200 197.022000 156 108 104
-0.428600 3.064400 197.021500 152 106 104
-0.428500 3.064600 197.020600 152 109 104
-0.428300 3.027100 197.030600 137 59 65
-0.428200 3.024000 197.023600 152 97 80
-0.428200 3.045300 197.021200 150 61 31
-0.428200 3.085700 197.050600 86 63 43
-0.428100 3.066400 197.022600 153 98 76
-0.428000 3.044800 197.021200 168 78 56
-0.427900 3.042600 197.030400 144 81 56
-0.427900 3.055100 197.029800 153 103 68
-0.427700 3.065100 197.022200 163 103 112
-0.427600 3.041600 197.030800 153 81 67
-0.427400 3.024700 197.024400 146 99 27
-0.427300 3.024600 197.024200 145 104 31
-0.427200 3.045600 197.021800 147 65 41
-0.427200 3.071400 197.031500 151 95 94
-0.427100 3.045000 197.021900 167 81 60
-0.427100 3.085100 197.051000 97 68 36
-0.427100 3.085300 197.051100 84 66 33
-0.426900 3.060300 197.023800 164 119 111
-0.426800 3.043000 197.030100 128 87 33
-0.426800 3.059400 197.024100 160 105 108
-0.426800 3.077500 197.029200 163 96 85
-0.426700 3.059100 197.023800 159 102 109
-0.426700 3.059600 197.023200 162 108 109
-0.426200 3.045700 197.022400 154 76 63
-0.426100 3.084900 197.051900 96 53 32
-0.426000 3.045000 197.022700 147 73 64
-0.426000 3.061800 197.022900 154 118 89
-0.425900 3.061600 197.022400 156 118 92
-0.425900 3.084600 197.051300 93 52 25
-0.425700 3.061300 197.021900 158 116 97
-0.425600 3.061000 197.021700 158 110 103
-0.425500 3.050300 197.030300 139 71 49
-0.425400 3.046100 197.023200 148 78 66
-0.425100 3.058500 197.021900 173 121 133
-0.424600 3.061700 197.021500 161 105 109
-0.424600 3.083700 197.050500 101 69 54
-0.424500 3.046700 197.023800 145 71 60
-0.424500 3.061400 197.021200 164 105 108
-0.424100 3.062000 197.024700 144 81 56
-0.424000 3.061900 197.023800 147 84 54
-0.423800 3.057900 197.022200 167 104 104
-0.423800 3.058300 197.021500 170 108 108
-0.423800 3.061700 197.023500 150 86 54
-0.423700 3.058600 197.020700 160 102 100
-0.423700 3.061400 197.022800 152 92 58
-0.423500 3.054500 197.025000 167 107 103
-0.423500 3.083200 197.051000 75 65 13
-0.423000 3.080400 197.050400 107 73 54
-0.422900 3.061400 197.024900 141 81 66
-0.422800 3.058600 197.021600 157 96 83
-0.422600 3.058000 197.021500 161 99 94
-0.422600 3.058200 197.021200 160 97 90
-0.422600 3.058400 197.021100 158 94 86
-0.422500 3.048600 197.029000 142 62 55
-0.422300 3.082500 197.051000 86 70 67
-0.422100 3.029400 197.030400 152 84 68
-0.422100 3.082000 197.050300 78 70 68
-0.421800 3.054600 197.021900 147 115 93
-0.421800 3.081400 197.049000 81 74 60
-0.421600 3.053400 197.022400 153 119 75
-0.421600 3.053600 197.022300 146 113 70
-0.421400 3.052600 197.022700 149 110 77
-0.421400 3.053200 197.022000 157 120 81
-0.421300 3.052000 197.022800 163 112 110
-0.421200 3.031000 197.028100 151 97 66
-0.421200 3.045900 197.026300 153 67 75
-0.421200 3.052200 197.022200 156 108 97
-0.421100 3.021900 197.028200 159 106 67
-0.421100 3.081600 197.051800 91 64 54
-0.421000 3.027700 197.028100 160 93 83
-0.421000 3.056100 197.021500 154 115 84
-0.421000 3.081200 197.051500 94 74 39
-0.420900 3.081000 197.051000 99 80 37
-0.420900 3.081400 197.050900 92 69 44
-0.420800 3.055400 197.021200 147 110 80
-0.420700 3.055100 197.021600 151 115 78
-0.420500 3.054400 197.021100 152 113 61
-0.420400 3.054100 197.021200 154 115 63
-0.420300 3.046500 197.026600 140 54 61
-0.420100 3.055600 197.023600 157 107 67
-0.420100 3.055900 197.023000 150 99 63
-0.419900 3.051200 197.022700 158 106 81
-0.419900 3.052200 197.021000 176 119 112
-0.419800 3.051300 197.022300 160 108 87
-0.419800 3.051900 197.021400 179 120 111
-0.419800 3.056500 197.027200 152 82 76
-0.419800 3.080500 197.051200 107 82 61
-0.419800 3.080700 197.051400 105 81 62
-0.419700 3.056200 197.027000 154 91 69
-0.419600 3.080000 197.050800 102 80 54
-0.419500 3.067400 197.030000 171 85 98
-0.419200 3.053100 197.022600 150 109 86
-0.419200 3.079300 197.049000 104 85 67
-0.419000 3.052400 197.022000 150 109 81
-0.418900 3.076300 197.049700 113 84 99
-0.418800 3.034500 197.027600 169 116 63
-0.418500 3.046200 197.029800 147 81 55
-0.418500 3.053200 197.024500 146 100 73
-0.418500 3.079400 197.051500 71 70 46
-0.418400 3.053100 197.024500 145 100 71
-0.418300 3.075200 197.047500 104 51 51
-0.418300 3.078700 197.050700 110 100 86
-0.418200 3.075100 197.047100 104 50 43
-0.417500 3.040500 197.027600 154 86 81
-0.417200 3.078300 197.051300 48 61 51
-0.417100 3.077900 197.051000 23 92 49
-0.417000 3.074100 197.047600 137 50 63
-0.416900 3.073600 197.047400 111 55 49
-0.416400 3.074400 197.050300 103 51 44
-0.415900 3.076900 197.051500 100 65 67
-0.415700 3.076600 197.050800 105 80 81
-0.415500 3.040000 197.030400 155 91 70
-0.415200 3.071400 197.046500 109 30 36
-0.414900 3.050300 197.028600 146 76 71
-0.414700 3.076300 197.052100 95 66 80
-0.414600 3.075700 197.052000 106 66 94
-0.414400 3.075100 197.051500 85 75 66
-0.414300 3.074900 197.051100 84 77 65
-0.414000 3.070100 197.047600 124 43 50
-0.413900 3.074300 197.049500 108 88 88
-0.413700 3.069600 197.046700 122 33 57
-0.413300 3.074400 197.052100 99 85 68
-0.413000 3.036000 197.031400 144 101 81
-0.413000 3.073700 197.051000 103 93 78
-0.413000 3.073800 197.051400 102 92 75
-0.412900 3.068900 197.049400 127 47 53
-0.412400 3.067800 197.047800 136 48 41
-0.412000 3.070700 197.048700 96 85 53
-0.411800 3.072400 197.052000 92 83 62
-0.411800 3.072600 197.052400 92 81 70
-0.411600 3.007600 197.051600 131 97 80
-0.411600 3.072200 197.051400 92 85 53
-0.411500 3.071600 197.051300 113 107 58
-0.411200 3.017300 197.031100 171 120 118
-0.410900 3.008500 197.051900 133 103 93
-0.410800 3.008200 197.052400 143 117 104
-0.410800 3.008400 197.051800 139 109 99
-0.410400 3.070800 197.052700 103 82 75
-0.410300 3.063700 197.033600 131 57 47
-0.410200 3.070400 197.052200 92 67 61
-0.410100 3.009300 197.052000 120 101 78
-0.410100 3.063100 197.033200 140 67 50
-0.410100 3.063300 197.033100 138 66 49
-0.410100 3.069900 197.051900 93 69 55
-0.410000 3.069800 197.051300 96 72 56
-0.409900 3.059600 197.030800 144 94 59
-0.409900 3.063800 197.045300 124 43 65
-0.409800 3.088400 197.052900 77 49 52
-0.409500 3.062700 197.037300 136 56 48
-0.409400 3.010200 197.052600 138 119 109
-0.409400 3.010600 197.051500 122 102 94
-0.409200 3.026800 197.030100 156 97 96
-0.408800 3.061300 197.035400 141 62 42
-0.408800 3.068600 197.052600 91 74 73
-0.408700 3.011300 197.052700 127 105 105
-0.408700 3.011700 197.051600 127 106 95
-0.408600 3.060700 197.034700 133 66 45
-0.408600 3.061700 197.047400 106 51 22
-0.408600 3.068400 197.051800 94 72 76
-0.408400 3.067300 197.051800 116 92 98
-0.408300 3.059800 197.034300 128 65 69
-0.408300 3.060000 197.034200 127 64 61
-0.408300 3.060800 197.046900 108 49 23
-0.408200 3.027200 197.030200 167 99 96
-0.408200 3.067000 197.051500 117 100 103
-0.408100 3.012600 197.052600 119 97 78
-0.408100 3.012800 197.052100 118 92 72
-0.408100 3.060300 197.046200 111 48 24
-0.408000 3.059200 197.033600 130 64 85
-0.408000 3.060200 197.045700 112 50 30
-0.407700 3.058300 197.033200 151 77 77
-0.407700 3.058400 197.033300 148 75 81
-0.407600 3.057400 197.033700 139 64 37
-0.407600 3.059400 197.044500 119 50 41
-0.407500 3.014200 197.051800 123 92 94
-0.407500 3.057000 197.033800 130 63 51
-0.407500 3.059100 197.044600 127 53 51
-0.407400 3.013700 197.052800 133 105 108
-0.407400 3.014100 197.051700 126 96 98
-0.407400 3.058300 197.038500 134 51 49
-0.407300 3.058600 197.044300 141 48 72
-0.407200 3.056500 197.033000 138 68 67
-0.407200 3.058000 197.037600 143 56 46
-0.407200 3.058200 197.044200 142 37 79
-0.407100 3.057100 197.038100 140 66 56
-0.407100 3.057900 197.037000 146 58 43
-0.407100 3.066100 197.052800 71 55 54
-0.406900 3.056700 197.037700 133 60 46
-0.406900 3.057100 197.044000 131 51 42
-0.406900 3.065100 197.052500 106 83 94
-0.406900 3.065500 197.052200 93 72 79
-0.406900 3.065600 197.051900 85 64 70
-0.406800 3.054900 197.033400 144 70 63
-0.406800 3.056600 197.037200 133 61 45
-0.406700 3.014800 197.052500 120 132 111
-0.406700 3.015000 197.052200 119 117 94
-0.406700 3.056600 197.043600 123 57 27
-0.406700 3.064700 197.051800 115 92 100
-0.406600 3.056500 197.043200 123 59 24
-0.406600 3.058200 197.047400 113 43 51
-0.406500 3.056200 197.043100 125 63 28
-0.406400 3.055800 197.036100 141 63 50
-0.406400 3.064100 197.051400 118 92 99
-0.406300 3.055400 197.036600 142 60 51
-0.406300 3.057300 197.047200 115 37 27
-0.406100 3.054500 197.036900 151 76 58
-0.406000 3.016100 197.052100 134 103 106
-0.406000 3.016300 197.051600 128 95 103
-0.406000 3.054800 197.042300 129 51 52
-0.406000 3.056600 197.046600 118 48 16
-0.405900 3.054000 197.036400 151 78 55
-0.405900 3.054200 197.036200 154 83 60
-0.405900 3.054700 197.042100 129 49 55
-0.405800 3.054400 197.042100 129 50 55
-0.405700 3.053200 197.036300 143 64 51
-0.405600 3.051300 197.032300 138 67 69
-0.405600 3.053600 197.041900 130 52 52
-0.405500 3.052600 197.036600 139 56 58
-0.405500 3.053000 197.035800 140 57 52
-0.405500 3.063900 197.052800 77 63 53
-0.405400 3.017200 197.052700 144 116 124
-0.405400 3.017300 197.052400 136 106 116
-0.405400 3.017500 197.051800 126 95 106
-0.405400 3.052300 197.043000 135 61 63
-0.405400 3.053000 197.042000 135 57 60
-0.405200 3.049100 197.034100 145 91 65
-0.405200 3.051500 197.036500 140 73 70
-0.405200 3.051900 197.042700 126 61 55
-0.405000 3.048400 197.034300 146 70 57
-0.405000 3.050600 197.037200 128 61 43
-0.405000 3.051400 197.042200 121 67 48
-0.405000 3.060400 197.048300 124 102 81
-0.405000 3.062100 197.052400 102 84 63
-0.404900 3.047800 197.034500 149 61 56
-0.404900 3.048000 197.034100 148 61 54
-0.404900 3.048200 197.034100 146 61 53
-0.404900 3.053600 197.044900 118 36 45
-0.404900 3.060300 197.047800 125 100 74
-0.404800 3.049400 197.045000 121 60 49
-0.404800 3.050500 197.043300 119 66 44
-0.404800 3.051100 197.042100 122 72 47
-0.404800 3.053000 197.045500 117 42 43
-0.404800 3.053200 197.045000 117 38 42
-0.404800 3.053300 197.044800 117 36 42
-0.404800 3.060100 197.047400 122 96 64
-0.404800 3.061600 197.051800 100 92 65
-0.404700 3.018400 197.052600 126 108 121
-0.404700 3.018800 197.051600 126 100 110
-0.404700 3.049200 197.044800 120 57 49
-0.404700 3.049500 197.044300 121 62 49
-0.404600 3.048300 197.046000 117 49 43
-0.404500 3.046400 197.035200 130 71 70
-0.404500 3.047600 197.039400 142 81 48
-0.404500 3.048000 197.038900 144 88 56
-0.404500 3.060900 197.051500 93 93 53
-0.404400 3.048100 197.045200 117 51 43
-0.404400 3.051700 197.045500 94 40 21
-0.404300 3.047500 197.045900 119 58 43
-0.404200 3.045900 197.034500 131 65 82
-0.404200 3.050200 197.046600 103 51 41
-0.404200 3.060000 197.050800 117 96 57
-0.404200 3.060300 197.050700 109 102 63
-0.404100 3.019800 197.052300 146 120 103
-0.404100 3.020000 197.051800 137 117 99
-0.404100 3.045200 197.035200 158 83 100
-0.404100 3.046200 197.040100 136 72 50
-0.404100 3.046300 197.046900 129 54 40
-0.404100 3.046900 197.045700 131 53 43
-0.404100 3.049400 197.047900 96 48 44
-0.404000 3.044800 197.035500 158 81 96
-0.404000 3.045900 197.047000 118 62 36
-0.403900 3.043100 197.045200 136 73 61
-0.403900 3.044100 197.036000 147 67 69
-0.403900 3.044200 197.036000 148 68 73
-0.403900 3.048800 197.047900 83 44 38
-0.403900 3.059000 197.050900 119 107 64
-0.403800 3.043800 197.036600 149 67 64
-0.403700 3.047800 197.048500 87 56 38
-0.403700 3.054600 197.042600 118 57 56
-0.403700 3.058600 197.050500 119 109 71
-0.403600 3.021400 197.052500 124 103 116
-0.403600 3.021800 197.051600 116 94 103
-0.403600 3.038600 197.046000 134 65 58
-0.403600 3.041500 197.046900 108 56 36
-0.403600 3.041800 197.046200 113 63 44
-0.403600 3.044300 197.048200 118 66 31
-0.403600 3.058200 197.050400 115 103 71
-0.403500 3.037700 197.047300 131 52 57
-0.403500 3.043700 197.048500 121 52 22
-0.403400 3.035000 197.046100 119 70 38
-0.403400 3.037400 197.047500 135 53 57
-0.403400 3.040700 197.047200 108 52 35
-0.403300 3.042600 197.049500 105 45 23
-0.403300 3.042800 197.049300 104 42 20
-0.403300 3.056400 197.044100 113 61 63
-0.403200 3.033000 197.049100 107 57 27
-0.403100 3.023100 197.052100 123 122 116
-0.403100 3.023300 197.051700 120 118 103
-0.403100 3.042100 197.049700 100 53 27
-0.403000 3.022600 197.052800 130 125 155
-0.403000 3.057200 197.048300 116 96 78
-0.402900 3.055700 197.043400 110 63 78
-0.402800 3.055500 197.043000 113 65 82
-0.402700 3.025100 197.051900 131 112 89
-0.402700 3.055200 197.042700 111 57 77
-0.402600 3.056600 197.047000 126 109 94
-0.402600 3.057200 197.052600 97 54 63
-0.402600 3.057500 197.052600 85 53 53
-0.402500 3.024300 197.052800 113 127 76
-0.402400 3.024100 197.052700 106 124 70
-0.402300 3.056300 197.045700 120 118 96
-0.402300 3.056600 197.051800 83 71 64
-0.402200 3.026500 197.052400 127 117 120
-0.402200 3.026900 197.051500 121 101 99
-0.402100 3.026000 197.052800 132 119 133
-0.402100 3.052100 197.044500 116 85 68
-0.402100 3.052300 197.044400 115 88 64
-0.402100 3.056500 197.050700 83 70 62
-0.402000 3.055300 197.045400 107 113 93
-0.402000 3.055400 197.045000 105 108 90
-0.402000 3.056100 197.051000 78 64 51
-0.401900 3.051100 197.045100 119 72 92
-0.401900 3.051400 197.044600 118 62 81
-0.401900 3.054700 197.045600 111 120 85
-0.401900 3.055000 197.045600 113 122 95
-0.401900 3.056000 197.050600 80 61 48
-0.401600 3.027600 197.052800 134 120 104
-0.401600 3.053800 197.045400 119 119 95
-0.401500 3.027900 197.051900 148 122 110
-0.401500 3.045000 197.048100 107 87 58
-0.401400 3.052600 197.046400 103 96 78
-0.401400 3.053200 197.045600 119 111 107
-0.401300 3.030400 197.051700 136 120 116
-0.401300 3.030800 197.050800 131 109 108
-0.401200 3.029800 197.052200 136 121 114
-0.401200 3.051300 197.047900 137 93 113
-0.401200 3.051700 197.046900 138 99 120
-0.401100 3.029600 197.052400 135 119 110
-0.401100 3.051900 197.046300 134 101 117
-0.401000 3.052800 197.051200 87 90 66
-0.400900 3.038200 197.051800 136 105 106
-0.400900 3.038300 197.051600 136 101 108
-0.400900 3.038500 197.051200 135 96 109
-0.400900 3.042800 197.048900 106 60 70
-0.400900 3.048600 197.051500 106 110 94
-0.400900 3.052100 197.051500 99 92 100
-0.400800 3.032000 197.051500 152 98 81
-0.400800 3.048100 197.051700 104 108 100
-0.400800 3.048300 197.051500 106 110 100
-0.400800 3.051100 197.052900 119 59 70
-0.400800 3.051400 197.052400 117 64 83
-0.400800 3.051700 197.051800 108 74 96
-0.400800 3.052000 197.051000 102 86 99
-0.400700 3.034500 197.052300 119 111 73
-0.400700 3.047400 197.052400 106 104 93
-0.400600 3.033900 197.052900 128 121 92
-0.400600 3.034200 197.052500 122 117 81
-0.400600 3.037800 197.051300 124 103 85
-0.400600 3.040800 197.051300 129 118 121
-0.400600 3.043800 197.051900 141 106 97
-0.400600 3.044300 197.051300 148 112 103
-0.400600 3.045200 197.049400 122 119 83
-0.400600 3.047100 197.052400 111 103 82
-0.400500 3.040200 197.052100 119 115 109
-0.400400 3.039900 197.052200 124 124 117
-0.400400 3.043100 197.052200 134 99 88
-0.400300 3.036700 197.051800 138 124 109
-0.400300 3.042800 197.052500 132 99 88
-0.400300 3.046400 197.052100 108 73 45
-0.400200 3.033100 197.052600 131 100 86
-0.400200 3.036100 197.052200 133 117 99
-0.400200 3.039300 197.052600 116 122 109
-0.400200 3.045800 197.052600 122 75 59
-0.400100 3.036000 197.052500 126 110 92
