-1.588700 3.523400 194.463800 184 174 174
-1.588600 3.522200 194.467800 192 185 186
-1.588000 3.522000 194.484800 192 187 170
-1.587900 3.521900 194.483100 183 187 171
-1.587900 3.522000 194.475800 193 179 182
-1.587400 3.521900 194.478000 188 180 171
-1.587300 3.524100 194.462900 181 174 176
-1.587200 3.521700 194.481800 190 183 176
-1.587100 3.521800 194.474600 172 183 179
-1.587000 3.521700 194.471000 177 180 173
-1.586900 3.521700 194.480200 197 183 166
-1.586900 3.522800 194.467200 197 177 183
-1.586600 3.521600 194.473200 179 183 171
-1.585700 3.524800 194.462100 183 177 171
-1.585600 3.522400 194.473700 188 195 176
-1.585600 3.522400 194.481100 206 174 167
-1.585500 3.522400 194.470200 180 169 171
-1.585500 3.522400 194.475700 185 185 174
-1.585400 3.522300 194.483100 191 183 176
-1.585400 3.522400 194.472200 188 184 175
-1.585000 3.523400 194.466700 188 179 180
-1.584000 3.523100 194.469400 190 184 186
-1.583100 3.524000 194.466200 191 180 182
-1.582300 3.523800 194.470600 183 179 180
-1.582200 3.523800 194.468800 193 179 184
-1.581800 3.523600 194.472800 185 179 183
-1.580800 3.523400 194.475400 176 185 171
-1.579400 3.524000 194.469100 189 180 183
-1.579100 3.523900 194.471200 190 175 181
-1.578500 3.523700 194.473500 179 179 179
-1.577700 3.523500 194.476000 185 186 187
-1.577000 3.523300 194.478400 185 190 187
-1.575800 3.523000 194.481200 183 180 185
-1.573000 3.523300 194.477800 173 173 174
-1.572500 3.523200 194.480100 179 184 187
-1.572100 3.523100 194.482200 187 191 198
-1.568500 3.523100 194.481400 184 180 181
-1.567600 3.522900 194.476600 188 180 172
-1.567500 3.522800 194.480500 196 190 191
-1.566900 3.523700 194.475300 189 187 179
-1.566600 3.522500 194.479400 184 181 182
-1.564700 3.523000 194.478900 185 179 177
-1.561400 3.524300 194.473900 195 184 183
-1.560200 3.525200 194.471000 185 184 181
-1.559600 3.523800 194.477200 179 175 170
-1.558000 3.524500 194.474700 183 179 175
-1.557400 3.525500 194.471400 183 176 174
-1.557200 3.524300 194.477200 195 188 181
-1.555900 3.525000 194.474500 185 174 176
-1.554600 3.524700 194.477400 184 176 178
-1.552500 3.525100 194.475300 181 173 174
-1.551600 3.524800 194.474200 168 159 160
-1.550700 3.524600 194.478600 188 172 178
-1.550000 3.524400 194.481100 183 183 184
-1.549400 3.549600 194.435100 143 145 143
-1.547800 3.633900 194.477100 108 91 98
-1.547500 3.632600 194.470300 49 48 54
-1.547500 3.633700 194.479100 98 82 102
-1.547400 3.633700 194.481100 92 102 79
-1.547300 3.633600 194.484800 116 82 67
-1.547300 3.633700 194.483000 81 63 62
-1.547200 3.524600 194.479600 174 164 167
-1.547000 3.524600 194.478000 169 168 174
-1.546900 3.630100 194.462200 106 109 110
-1.546800 3.632300 194.478300 105 75 77
-1.546700 3.631200 194.467600 63 56 72
-1.546600 3.548600 194.439400 163 158 155
-1.546600 3.632200 194.476600 82 77 42
-1.546500 3.545100 194.440400 131 131 123
-1.546500 3.632200 194.473000 64 53 60
-1.546400 3.632200 194.474900 82 59 51
-1.546300 3.524400 194.482200 179 173 179
-1.546300 3.631100 194.469800 65 60 47
-1.546300 3.631100 194.471600 81 47 56
-1.546300 3.631100 194.473500 100 74 75
-1.546000 3.524300 194.477000 167 153 161
-1.546000 3.629700 194.464900 111 109 102
-1.545900 3.540100 194.445800 128 134 106
-1.545700 3.629500 194.467000 99 73 84
-1.545700 3.629500 194.468900 87 65 77
-1.545600 3.533100 194.455100 180 155 161
-1.545500 3.524200 194.471900 164 154 161
-1.545500 3.542300 194.443700 149 129 134
-1.545500 3.628400 194.465700 93 99 85
-1.545400 3.524100 194.484700 170 171 176
-1.545400 3.526400 194.469700 155 161 160
-1.545400 3.527300 194.467700 170 158 166
-1.545400 3.545800 194.441200 137 139 128
-1.545400 3.626000 194.468300 98 84 53
-1.545400 3.628400 194.467600 85 72 64
-1.545300 3.622600 194.471100 57 68 47
-1.545300 3.622600 194.472900 82 81 55
-1.545200 3.524000 194.475900 173 159 159
-1.545200 3.623500 194.470900 72 76 46
-1.545000 3.528200 194.465900 159 166 163
-1.545000 3.547000 194.441200 141 140 135
-1.545000 3.626900 194.466500 86 84 66
-1.545000 3.626900 194.468300 92 83 51
-1.545000 3.628200 194.464300 106 113 113
-1.544900 3.524000 194.474300 177 158 157
-1.544900 3.525000 194.472200 164 160 168
-1.544800 3.536300 194.451400 135 146 123
-1.544700 3.624700 194.469100 106 94 67
-1.544600 3.539700 194.448900 104 116 104
-1.544600 3.543300 194.444200 135 133 130
-1.544500 3.524900 194.474400 181 162 160
-1.544500 3.540900 194.446700 140 118 109
-1.544500 3.621100 194.472100 72 80 66
-1.544400 3.538500 194.449200 117 122 107
-1.544300 3.524800 194.481800 175 167 166
-1.544300 3.621000 194.474100 74 61 55
-1.544300 3.623200 194.469800 109 106 88
-1.544200 3.524800 194.478300 167 168 166
-1.544200 3.544400 194.444300 128 127 121
-1.544100 3.524800 194.476500 175 164 158
-1.544100 3.536000 194.453800 130 136 125
-1.544100 3.537200 194.453500 100 110 111
-1.544100 3.538400 194.451400 106 98 87
-1.544100 3.625500 194.467500 88 72 57
-1.544000 3.529200 194.464700 146 149 145
-1.544000 3.533800 194.456200 173 153 166
-1.543900 3.532600 194.458500 150 157 140
-1.543900 3.535000 194.454200 156 153 149
-1.543900 3.537100 194.451900 94 116 95
-1.543800 3.526900 194.470800 147 150 157
-1.543800 3.530300 194.462800 153 157 160
-1.543800 3.532500 194.460400 146 157 145
-1.543700 3.546600 194.444200 147 146 137
-1.543600 3.529000 194.466900 149 148 140
-1.543600 3.530200 194.464700 147 152 140
-1.543600 3.531400 194.460800 158 161 153
-1.543600 3.533600 194.458400 142 153 146
-1.543600 3.545200 194.444600 122 134 116
-1.543500 3.541700 194.447400 141 119 122
-1.543300 3.531300 194.462900 151 147 147
-1.543200 3.524400 194.484600 174 169 164
-1.542900 3.619300 194.477400 81 57 59
-1.542800 3.619300 194.475700 76 60 54
-1.542400 3.542600 194.448000 144 137 144
-1.542200 3.617900 194.478300 78 63 60
-1.541800 3.616600 194.480800 94 49 58
-1.541800 3.618900 194.474800 97 94 81
-1.541700 3.615500 194.483000 67 53 38
-1.541500 3.616500 194.479200 74 50 59
-1.541200 3.539800 194.453400 85 113 113
-1.541200 3.543400 194.448800 128 131 133
-1.541200 3.614000 194.483800 54 67 41
-1.541200 3.615300 194.481700 99 62 78
-1.541100 3.617500 194.477500 82 73 54
-1.540600 3.540700 194.451800 81 112 98
-1.540600 3.544300 194.449100 132 133 130
-1.539800 3.539400 194.463800 150 140 152
-1.539600 3.539300 194.456600 117 116 132
-1.539500 3.539300 194.462200 128 122 125
-1.539100 3.613200 194.483800 100 63 79
-1.538900 3.545100 194.450300 153 157 155
-1.538400 3.614200 194.482200 108 75 100
-1.538100 3.541200 194.453700 118 115 107
-1.537300 3.539700 194.456500 94 120 127
-1.536200 3.542900 194.454800 159 134 144
-1.536100 3.539300 194.459500 119 109 108
-1.535300 3.540400 194.458000 119 121 112
-1.535000 3.541400 194.458000 147 132 135
-1.534500 3.540100 194.460500 130 100 116
-1.533800 3.541100 194.460900 158 134 149
-1.533800 3.542100 194.458700 175 150 163
-1.532500 3.543100 194.457700 177 167 163
-1.532200 3.540500 194.464100 159 162 171
-1.532100 3.541500 194.462100 193 180 189
-1.529800 3.540800 194.465900 169 179 166
-1.528800 3.541800 194.462900 185 184 186
-1.528500 3.540400 194.468900 173 179 170
-1.527100 3.541300 194.466100 191 183 197
-1.526000 3.540900 194.469000 181 188 186
-1.524500 3.541500 194.466400 199 192 201
-1.524000 3.541400 194.468700 202 197 198
-1.523700 3.541300 194.470700 204 194 192
-1.520200 3.541400 194.468000 184 193 196
-1.520200 3.541400 194.469800 197 190 204
-1.516900 3.541400 194.468900 206 192 197
-1.516800 3.541300 194.472600 197 190 196
-1.516300 3.541200 194.471200 198 201 202
-1.514700 3.541800 194.468700 199 194 196
-1.514400 3.541700 194.472600 203 200 200
-1.514200 3.541600 194.471000 205 195 199
-1.512700 3.542200 194.473800 203 200 197
-1.511900 3.542000 194.472700 204 201 201
-1.511400 3.541800 194.471400 194 198 197
-1.510300 3.542500 194.477500 193 193 181
-1.509700 3.542300 194.476200 192 195 190
-1.508400 3.541900 194.475500 201 198 198
-1.507300 3.542700 194.479900 206 195 188
-1.506700 3.541400 194.475300 190 192 190
-1.506300 3.544700 194.485500 181 180 168
-1.505900 3.543400 194.482600 196 183 181
-1.505200 3.542000 194.479900 184 193 183
-1.503300 3.541400 194.479800 183 186 184
-1.501800 3.540900 194.479300 179 174 172
-1.500400 3.540500 194.478700 163 166 161
-1.498700 3.540000 194.478500 162 162 159
-1.497400 3.539500 194.477800 180 171 171
-1.496600 3.540400 194.481800 184 168 173
-1.496300 3.539200 194.476900 171 164 164
-1.495900 3.540200 194.480600 168 170 163
-1.494800 3.539900 194.479700 189 176 184
-1.494100 3.539700 194.478600 181 174 177
-1.494000 3.539600 194.476900 177 180 177
-1.493700 3.539500 194.475400 187 183 176
-1.493500 3.539500 194.473800 179 181 163
-1.490500 3.539700 194.476100 173 184 166
-1.489800 3.539400 194.474900 189 186 174
-1.488800 3.539100 194.474000 202 194 191
-1.487900 3.538800 194.473100 189 186 187
-1.486600 3.540500 194.466400 206 195 209
-1.486100 3.540300 194.468700 206 206 212
-1.486100 3.542400 194.460900 205 208 221
-1.486000 3.543500 194.458900 203 204 207
-1.485800 3.539300 194.471000 196 184 181
-1.485700 3.541400 194.468800 206 207 211
-1.485500 3.542200 194.466900 214 207 219
-1.485400 3.539200 194.473200 188 188 179
-1.485400 3.541200 194.467200 209 205 216
-1.485200 3.541200 194.465600 216 210 215
-1.485200 3.542100 194.465300 212 204 209
-1.485100 3.543100 194.476000 208 201 210
-1.484900 3.542000 194.463800 203 206 209
-1.484700 3.543100 194.461800 202 203 210
-1.484500 3.544100 194.458100 197 201 202
-1.484100 3.544000 194.460300 201 196 197
-1.483500 3.542600 194.473900 206 203 204
-1.483500 3.542700 194.464800 203 210 209
-1.483000 3.543600 194.463100 199 200 199
-1.481900 3.544100 194.460300 201 195 196
-1.481100 3.542900 194.466700 200 204 200
-1.479700 3.543400 194.464100 202 193 195
-1.478200 3.542900 194.467300 193 195 194
-1.477700 3.542700 194.469600 195 198 196
-1.477000 3.543500 194.464400 201 190 194
-1.476600 3.553000 194.450800 129 130 106
-1.475600 3.550700 194.454800 118 121 106
-1.475300 3.542900 194.467800 202 188 193
-1.475000 3.542800 194.469900 198 195 204
-1.474700 3.548800 194.458800 139 137 98
-1.474700 3.556300 194.446600 94 94 69
-1.474000 3.543600 194.465100 204 196 196
-1.472900 3.552200 194.451400 106 105 85
-1.472800 3.543200 194.468000 198 198 196
-1.472100 3.543000 194.470500 194 197 193
-1.471700 3.549400 194.455700 142 123 120
-1.471600 3.556000 194.447100 90 84 86
-1.471000 3.547700 194.459600 132 115 92
-1.470200 3.552800 194.451500 107 92 107
-1.469400 3.543200 194.469000 214 196 201
-1.469300 3.550600 194.455600 135 121 118
-1.468700 3.542900 194.471500 210 199 199
-1.468400 3.548700 194.459500 129 126 98
-1.467700 3.543800 194.466600 196 200 198
-1.467100 3.552300 194.452000 109 100 113
-1.466500 3.543400 194.469600 199 202 200
-1.466200 3.550300 194.456000 105 122 104
-1.465500 3.544100 194.466600 206 199 200
-1.465400 3.548400 194.459900 142 141 114
-1.465300 3.555700 194.447800 93 104 92
-1.464800 3.547300 194.463600 161 146 145
-1.464600 3.543800 194.469200 195 201 199
-1.464100 3.553000 194.452100 123 96 92
-1.462800 3.549800 194.456500 137 121 120
-1.462400 3.555700 194.448200 78 90 64
-1.461800 3.547700 194.460600 144 125 118
-1.461400 3.546900 194.464100 161 144 151
-1.461300 3.543900 194.470100 207 196 211
-1.461200 3.553000 194.452400 141 105 102
-1.460400 3.551200 194.456300 119 123 114
-1.459900 3.550100 194.460000 138 128 135
-1.459800 3.544500 194.467600 200 206 207
-1.459700 3.557100 194.448000 124 104 83
-1.459400 3.544300 194.469800 203 204 210
-1.459400 3.549000 194.463700 145 154 159
-1.458900 3.555500 194.451900 135 116 103
-1.458100 3.553700 194.455800 134 143 128
-1.457900 3.544900 194.467200 193 211 208
-1.457900 3.544900 194.469100 208 216 212
-1.457800 3.559800 194.447400 110 100 79
-1.457300 3.551700 194.459800 146 160 145
-1.457000 3.545700 194.466000 210 208 220
-1.456900 3.546700 194.464000 210 206 214
-1.456900 3.547900 194.461900 201 209 216
-1.456600 3.550200 194.463600 166 167 168
-1.456400 3.545500 194.468300 192 207 210
-1.456400 3.546500 194.466200 221 214 227
-1.456100 3.548700 194.460500 204 200 208
-1.456000 3.555600 194.452200 132 126 112
-1.455900 3.547600 194.464600 213 204 215
-1.455000 3.553100 194.456300 136 130 118
-1.454600 3.547100 194.467700 212 203 214
-1.454500 3.547100 194.471300 206 205 216
-1.454500 3.558600 194.448100 92 87 72
-1.454300 3.551600 194.460200 121 141 105
-1.454200 3.548000 194.464100 196 203 206
-1.454000 3.546900 194.470000 211 200 213
-1.453900 3.550800 194.463700 111 141 120
-1.452700 3.554500 194.452800 121 93 99
-1.452500 3.547400 194.467500 200 197 209
-1.452500 3.547400 194.469200 210 204 212
-1.452300 3.547400 194.471300 204 208 217
-1.451900 3.552600 194.456800 155 134 133
-1.451800 3.547200 194.473500 213 208 219
-1.451400 3.551600 194.460500 152 134 116
-1.451000 3.550800 194.464000 138 156 141
-1.450000 3.555300 194.446400 94 92 94
-1.449400 3.554200 194.450100 88 83 77
-1.449300 3.554100 194.453400 118 84 88
-1.448800 3.553100 194.457000 104 100 90
-1.448300 3.551800 194.460700 139 128 122
-1.448100 3.547200 194.469400 189 199 199
-1.447600 3.547000 194.471700 193 209 214
-1.447600 3.550400 194.464500 150 140 139
-1.446700 3.555000 194.443500 95 74 81
-1.446200 3.547700 194.467200 207 206 218
-1.445900 3.553200 194.447500 73 90 68
-1.445300 3.551900 194.451200 122 115 106
-1.445100 3.547300 194.471800 197 204 202
-1.445000 3.547300 194.470100 209 200 207
-1.444300 3.550200 194.464900 148 132 128
-1.443300 3.553900 194.444300 93 86 79
-1.443000 3.547700 194.468100 198 211 219
-1.442700 3.552700 194.448000 95 116 78
-1.441600 3.550400 194.461900 101 107 77
-1.441600 3.550600 194.465100 151 146 130
-1.440000 3.547900 194.470600 201 211 221
-1.439700 3.552900 194.441700 98 80 92
-1.439300 3.547700 194.469400 204 202 214
-1.439000 3.551500 194.445500 111 101 78
-1.437800 3.549300 194.462600 101 131 84
-1.437700 3.549200 194.465900 140 119 122
-1.437100 3.553600 194.438500 99 73 68
-1.437000 3.547900 194.467700 192 203 204
-1.436300 3.551700 194.442400 93 87 79
-1.434500 3.548200 194.467900 206 200 210
-1.434500 3.548300 194.463300 159 140 125
-1.434500 3.554100 194.435300 70 65 52
-1.434400 3.548200 194.469800 203 206 212
-1.433900 3.553000 194.439000 110 105 92
-1.433100 3.550900 194.443100 94 87 88
-1.432200 3.548500 194.469700 202 195 208
-1.432100 3.548600 194.447100 121 118 118
-1.431900 3.548400 194.450500 125 118 96
-1.431800 3.548300 194.457100 157 149 141
-1.431800 3.548400 194.453800 147 122 103
-1.431700 3.548200 194.460400 158 145 147
-1.430900 3.553600 194.432600 44 68 42
-1.430400 3.552700 194.436200 105 80 72
-1.430000 3.551800 194.439800 117 96 89
-1.429800 3.547700 194.468400 179 174 179
-1.429500 3.546500 194.463500 207 194 208
-1.429100 3.546400 194.462100 207 199 204
-1.428300 3.548400 194.460700 151 149 157
-1.428300 3.614900 194.485400 132 122 118
-1.428200 3.548000 194.457500 153 149 141
-1.427500 3.553700 194.426400 105 90 82
-1.427300 3.546900 194.465300 207 194 207
-1.426700 3.551800 194.430400 116 88 85
-1.426300 3.546500 194.462600 200 200 194
-1.426200 3.550800 194.434000 108 97 83
-1.426100 3.546500 194.459200 207 202 211
-1.426000 3.546500 194.461100 207 203 188
-1.426000 3.550500 194.437400 106 83 72
-1.426000 3.614000 194.485800 128 119 114
-1.425500 3.614800 194.484200 131 123 118
-1.425100 3.548900 194.451100 150 131 125
-1.425000 3.553900 194.423300 93 81 70
-1.424900 3.548500 194.454500 162 147 137
-1.424100 3.551800 194.427400 93 92 75
-1.423800 3.614100 194.484000 119 128 100
-1.423400 3.550300 194.431200 124 103 87
-1.423200 3.615000 194.482400 135 120 119
-1.423000 3.549500 194.434800 122 97 83
-1.422800 3.546300 194.458400 193 199 201
-1.422700 3.549500 194.451100 168 157 155
-1.422500 3.549300 194.454500 156 157 141
-1.422400 3.546200 194.457100 190 198 204
-1.421900 3.554100 194.420300 59 63 59
-1.421700 3.613300 194.484200 125 122 112
-1.421000 3.551700 194.424500 77 80 88
-1.420800 3.546800 194.456400 201 203 208
-1.420700 3.546700 194.454700 204 205 207
-1.420700 3.614100 194.483000 110 116 96
-1.420400 3.550500 194.428200 95 95 78
-1.419800 3.549700 194.444900 144 121 94
-1.419700 3.549800 194.448100 142 133 140
-1.419200 3.614500 194.482200 128 119 104
-1.418700 3.553700 194.417500 81 77 67
-1.418400 3.615300 194.480800 135 124 111
-1.417900 3.551900 194.421500 127 78 77
-1.417700 3.546800 194.451800 190 205 208
-1.417600 3.546800 194.453700 199 213 217
-1.416500 3.549600 194.448500 128 118 151
-1.416400 3.615600 194.480600 136 122 135
-1.416200 3.548700 194.445600 109 107 111
-1.416100 3.554500 194.414300 87 70 57
-1.416100 3.616700 194.478700 141 124 120
-1.416000 3.548000 194.442600 130 143 103
-1.415500 3.617500 194.477200 129 125 113
-1.415100 3.615100 194.480000 138 130 134
-1.415000 3.551800 194.418500 116 99 94
-1.414900 3.546900 194.450500 210 207 216
-1.414900 3.546900 194.452400 198 203 219
-1.414400 3.546800 194.449200 187 197 186
-1.414300 3.618200 194.474300 127 128 118
-1.413900 3.616800 194.476900 131 125 120
-1.413000 3.547700 194.436400 152 124 123
-1.413000 3.547800 194.439700 170 148 142
-1.413000 3.548100 194.442900 153 124 103
-1.412900 3.547900 194.446200 138 109 87
-1.412900 3.548200 194.449400 108 134 144
-1.412800 3.616400 194.476200 131 133 122
-1.412700 3.554200 194.411500 85 85 86
-1.412700 3.617500 194.474100 129 125 127
-1.411900 3.552200 194.415500 95 91 78
-1.411700 3.618300 194.471000 130 136 125
-1.411400 3.546800 194.448100 207 203 206
-1.411400 3.617000 194.473500 137 130 118
-1.410900 3.550000 194.419600 123 108 79
-1.409700 3.616300 194.473300 124 132 122
-1.409600 3.617500 194.471200 122 134 116
-1.409400 3.547000 194.440300 155 140 130
-1.409400 3.547100 194.437000 154 128 125
-1.408800 3.552300 194.412500 93 87 79
-1.408500 3.544800 194.444000 205 196 206
-1.408300 3.616900 194.470600 129 127 116
-1.407900 3.550300 194.416500 63 86 73
-1.407700 3.545600 194.448000 197 186 199
-1.407300 3.545400 194.446600 210 198 212
-1.407200 3.545400 194.444900 210 201 213
-1.406900 3.545300 194.443400 215 206 211
-1.406900 3.617300 194.469900 130 132 124
-1.406700 3.555300 194.408400 104 82 86
-1.406600 3.545200 194.441800 205 207 211
-1.406600 3.547400 194.427400 132 119 113
-1.406600 3.548100 194.437000 130 102 94
-1.406600 3.548200 194.440300 145 140 122
-1.406200 3.546600 194.431000 144 125 116
-1.406200 3.546900 194.434200 118 92 84
-1.405600 3.618000 194.467100 123 129 116
-1.405300 3.551900 194.413000 129 108 85
-1.405300 3.616700 194.469600 131 134 123
-1.404600 3.545600 194.441600 198 197 220
-1.404100 3.549200 194.417300 103 82 83
-1.404000 3.545400 194.440400 194 197 197
-1.403900 3.545400 194.438600 199 192 205
-1.403900 3.617300 194.467000 120 129 128
-1.403700 3.618300 194.465000 120 124 120
-1.403500 3.555600 194.405400 119 96 99
-1.403000 3.546800 194.428100 152 132 125
-1.402900 3.546600 194.431300 138 136 125
-1.402800 3.546600 194.434600 143 135 125
-1.402700 3.553600 194.409500 94 85 78
-1.402500 3.616700 194.466500 119 127 122
-1.401900 3.551800 194.413400 110 107 79
-1.401900 3.617500 194.464900 132 125 125
-1.401800 3.545700 194.436600 207 198 190
-1.401000 3.545400 194.435600 172 187 167
-1.401000 3.617200 194.464000 130 121 114
-1.400000 3.547400 194.421600 158 124 125
-1.400000 3.555000 194.402700 100 83 72
-1.399700 3.546600 194.425100 159 147 129
-1.399500 3.544900 194.435300 190 174 194
-1.399500 3.546500 194.428500 147 146 148
-1.399200 3.553000 194.406700 100 88 90
-1.399100 3.617500 194.463700 119 122 96
-1.398900 3.544800 194.434000 184 195 205
-1.398900 3.616300 194.464200 134 126 107
-1.398700 3.552100 194.410400 111 109 89
-1.398600 3.618500 194.461900 108 121 117
-1.397200 3.555500 194.399600 69 76 70
-1.396700 3.547500 194.425200 129 133 108
-1.396500 3.547200 194.428600 161 140 163
-1.396400 3.544900 194.434400 195 205 197
-1.396300 3.544900 194.432600 195 193 195
-1.396300 3.553400 194.403600 102 97 95
-1.396200 3.618500 194.462100 129 124 108
-1.396100 3.619700 194.460000 126 125 114
-1.395200 3.550900 194.411200 112 122 89
-1.394700 3.550000 194.418000 163 156 156
-1.394500 3.545400 194.432200 195 204 192
-1.394400 3.555900 194.396500 117 94 84
-1.394400 3.617800 194.462100 134 131 110
-1.394300 3.619000 194.459900 133 127 121
-1.394100 3.548600 194.421900 153 144 138
-1.394000 3.619900 194.458100 139 137 140
-1.393800 3.545100 194.431100 187 206 193
-1.393500 3.547200 194.425600 168 153 154
-1.393400 3.553600 194.400600 94 97 93
-1.392700 3.618300 194.459700 136 126 124
-1.392300 3.619200 194.457900 126 127 123
-1.392000 3.568800 194.438400 179 194 194
-1.391800 3.568100 194.435400 186 194 204
-1.391700 3.550000 194.418400 168 150 158
-1.391600 3.545400 194.429200 205 211 225
-1.391600 3.549900 194.421700 163 157 145
-1.391500 3.549800 194.425000 180 166 162
-1.391400 3.545400 194.427600 208 213 212
-1.391100 3.555900 194.393600 100 80 81
-1.391000 3.618700 194.457300 126 130 118
-1.390400 3.554100 194.397500 126 98 108
-1.390400 3.619500 194.455700 133 124 118
-1.389800 3.545900 194.427000 203 207 213
-1.389800 3.552700 194.401300 150 115 124
-1.389600 3.546900 194.425000 205 215 216
-1.389500 3.618100 194.457000 129 128 116
-1.389000 3.619000 194.455300 126 131 118
-1.389000 3.620100 194.453100 138 137 117
-1.388700 3.591000 194.475600 137 136 125
-1.388500 3.547600 194.423900 208 223 217
-1.388400 3.550000 194.415500 146 135 143
-1.388200 3.549600 194.418900 172 168 164
-1.388100 3.549300 194.422300 169 168 158
-1.388100 3.549500 194.425500 174 180 168
-1.387700 3.619600 194.452600 127 130 113
-1.387200 3.554000 194.394600 106 91 96
-1.387100 3.620400 194.449100 129 125 125
-1.386700 3.552800 194.398300 141 103 130
-1.386600 3.619100 194.451800 145 130 128
-1.386300 3.547800 194.422000 220 214 231
-1.385300 3.550200 194.415700 169 170 184
-1.385300 3.550200 194.419000 163 166 176
-1.385300 3.551000 194.431800 181 176 191
-1.385300 3.557400 194.390400 90 87 83
-1.385200 3.549700 194.412600 145 136 142
-1.385200 3.618500 194.451400 144 128 126
-1.385100 3.550600 194.435200 186 196 197
-1.384800 3.619500 194.449600 138 129 129
-1.384100 3.554500 194.394800 97 87 102
-1.383100 3.547600 194.421300 199 206 213
-1.382700 3.547500 194.419800 197 211 222
-1.382600 3.618500 194.450000 133 126 129
-1.382500 3.619700 194.447800 129 133 121
-1.381900 3.549500 194.409800 160 175 148
-1.381800 3.549300 194.413100 169 177 166
-1.381600 3.555900 194.391300 91 94 81
-1.381500 3.548900 194.416600 164 175 167
-1.380900 3.617900 194.449800 122 130 118
-1.380700 3.553700 194.395400 137 136 141
-1.380500 3.547700 194.419900 207 210 217
-1.380300 3.618800 194.448200 126 134 128
-1.379900 3.616400 194.451100 119 125 116
-1.379600 3.547400 194.417100 219 212 228
-1.379600 3.547400 194.419000 216 212 224
-1.379200 3.550200 194.403300 148 139 145
-1.379200 3.617200 194.449700 119 132 120
-1.379100 3.550300 194.409800 168 166 161
-1.378900 3.550200 194.416400 187 179 168
-1.378900 3.556700 194.388000 98 103 86
-1.378800 3.549600 194.413300 174 169 174
-1.378500 3.615800 194.450800 116 129 110
-1.378100 3.554900 194.392000 109 117 104
-1.378000 3.614400 194.451600 123 122 110
-1.377800 3.554300 194.395600 121 137 134
-1.377500 3.547800 194.415100 214 214 228
-1.377100 3.615200 194.450400 127 128 112
-1.377000 3.616200 194.450000 123 130 119
-1.376200 3.613700 194.451600 141 129 118
-1.376000 3.550000 194.407000 164 162 190
-1.376000 3.550100 194.410200 173 170 171
-1.376000 3.612500 194.452200 120 119 114
-1.375800 3.550000 194.413500 189 180 175
-1.375800 3.557800 194.384700 109 85 92
-1.375500 3.611300 194.453100 120 125 118
-1.375200 3.609900 194.453800 118 111 97
-1.375100 3.547800 194.413600 194 204 219
-1.375100 3.556100 194.388600 100 120 105
-1.374800 3.608800 194.454500 127 119 107
-1.374400 3.554300 194.392600 119 116 111
-1.374400 3.607400 194.455300 122 119 92
-1.373200 3.551900 194.403400 174 161 160
-1.373000 3.604800 194.455600 122 120 99
-1.372800 3.550900 194.407000 171 177 175
-1.372700 3.603500 194.456300 125 118 103
-1.372700 3.607900 194.454800 122 119 98
-1.372600 3.605600 194.455700 119 122 107
-1.372600 3.606700 194.455300 120 111 113
-1.372300 3.555900 194.385700 130 105 114
-1.372300 3.602400 194.457000 127 120 126
-1.372200 3.547800 194.412400 210 213 208
-1.372000 3.547700 194.410800 186 202 201
-1.371900 3.555100 194.389300 107 131 113
-1.371400 3.600900 194.456500 122 126 114
-1.371200 3.599700 194.457000 128 130 118
-1.370800 3.552600 194.400100 144 151 141
-1.370600 3.552400 194.403500 181 177 171
-1.370600 3.596300 194.456900 135 124 130
-1.370400 3.552000 194.406900 176 179 170
-1.370400 3.601600 194.457100 136 132 132
-1.370200 3.548100 194.410500 203 211 212
-1.370000 3.558100 194.382000 118 93 103
-1.369600 3.592700 194.457200 146 126 122
-1.369500 3.547900 194.409300 186 194 171
-1.369300 3.596800 194.457900 129 126 120
-1.369200 3.548800 194.407400 217 208 221
-1.369000 3.589500 194.457000 142 139 138
-1.368900 3.555300 194.386300 131 123 122
-1.368500 3.593300 194.457900 144 120 121
-1.368000 3.587200 194.456800 146 142 140
-1.367800 3.597300 194.459000 115 134 107
-1.367400 3.552300 194.403900 192 179 175
-1.367400 3.593900 194.458700 145 122 129
-1.367300 3.551900 194.400700 179 156 160
-1.367300 3.590000 194.458200 140 134 136
-1.367200 3.550100 194.406900 211 220 212
-1.367200 3.551300 194.397700 179 166 163
-1.367200 3.552000 194.407300 192 192 179
-1.367200 3.559000 194.378700 120 92 89
-1.366700 3.582500 194.455900 146 150 152
-1.366600 3.584500 194.457100 139 132 123
-1.366600 3.587600 194.457900 131 138 127
-1.366600 3.590600 194.458700 140 132 126
-1.366300 3.556800 194.382800 135 124 128
-1.365700 3.581100 194.455400 143 157 152
-1.365500 3.579000 194.454500 155 164 168
-1.365300 3.583000 194.456900 147 140 133
-1.365200 3.550300 194.405000 232 208 221
-1.365100 3.584900 194.458300 137 135 113
-1.364600 3.567800 194.349500 136 112 107
-1.364500 3.552400 194.391100 155 144 157
-1.364500 3.573500 194.448100 183 174 179
-1.364500 3.576500 194.452500 179 187 171
-1.364500 3.577500 194.454000 179 174 178
-1.364200 3.552000 194.397800 172 168 177
-1.364100 3.552000 194.401000 192 192 179
-1.364000 3.551800 194.404400 199 187 167
-1.363900 3.558400 194.379200 128 105 99
-1.363900 3.574300 194.450100 180 163 171
-1.363900 3.575300 194.451700 191 176 171
-1.363200 3.556700 194.383200 128 132 137
-1.363200 3.579000 194.456500 183 163 166
-1.363200 3.585700 194.449100 88 78 78
-1.363100 3.571700 194.446200 164 171 158
-1.362900 3.550600 194.405100 213 212 217
-1.362800 3.550600 194.403300 208 208 210
-1.362800 3.562900 194.348100 106 99 84
-1.362800 3.575900 194.452400 160 164 141
-1.362000 3.570300 194.444100 174 183 181
-1.361900 3.582200 194.447000 113 93 94
-1.361800 3.590500 194.447700 67 55 54
-1.361700 3.561300 194.375200 95 91 102
-1.361700 3.568000 194.353100 105 85 73
-1.361600 3.568100 194.356400 97 78 65
-1.361500 3.552700 194.394500 185 179 178
-1.361300 3.552400 194.397900 184 179 183
-1.361200 3.552300 194.401300 181 187 183
-1.361100 3.566500 194.350400 163 134 123
-1.361000 3.579500 194.444700 154 132 123
-1.360800 3.569800 194.443400 198 194 191
-1.360600 3.574000 194.453200 176 166 163
-1.360300 3.557800 194.379800 140 129 138
-1.360300 3.565400 194.370700 86 78 90
-1.360300 3.586500 194.445800 75 53 54
-1.360000 3.576700 194.442400 127 125 114
-1.359800 3.569500 194.442600 197 195 186
-1.359600 3.562100 194.348700 173 157 145
-1.359500 3.550300 194.402700 223 203 225
-1.359000 3.569200 194.441700 209 189 196
-1.358900 3.582700 194.443900 116 85 70
-1.358800 3.559400 194.333200 127 108 98
-1.358800 3.559600 194.339800 134 115 97
-1.358800 3.559900 194.343000 176 158 118
-1.358800 3.560100 194.346200 152 146 133
-1.358700 3.559300 194.336600 137 124 117
-1.358600 3.569000 194.440200 192 184 192
-1.358600 3.572900 194.440600 144 137 104
-1.358600 3.590200 194.444800 83 58 42
-1.358500 3.560900 194.375700 105 115 140
-1.358400 3.551000 194.399700 234 217 222
-1.358200 3.550900 194.401800 209 208 219
-1.358200 3.553000 194.394800 199 188 186
-1.358000 3.563100 194.349400 167 171 152
-1.357900 3.566400 194.354100 128 107 93
-1.357900 3.566700 194.357200 87 108 79
-1.357800 3.568700 194.439100 201 191 201
-1.357800 3.579700 194.441700 127 125 119
-1.357700 3.562000 194.348100 171 150 152
-1.357500 3.565700 194.360900 115 123 119
-1.357500 3.566100 194.367400 141 125 112
-1.357400 3.565000 194.351300 168 139 127
-1.357300 3.565500 194.364400 161 128 128
-1.357200 3.557600 194.380200 147 147 160
-1.357100 3.586200 194.443000 92 70 40
-1.356800 3.564400 194.371400 138 133 138
-1.356700 3.576600 194.439600 142 121 114
-1.356600 3.560600 194.347700 160 150 148
-1.356600 3.568300 194.438500 172 181 171
-1.356400 3.562200 194.349000 176 125 113
-1.356200 3.551100 194.401700 228 214 217
-1.355800 3.568000 194.437500 200 187 192
-1.355800 3.582500 194.441000 135 111 77
-1.355600 3.551000 194.400400 215 211 215
-1.355600 3.559900 194.346700 173 152 131
-1.355600 3.590200 194.441800 104 69 53
-1.355500 3.559100 194.337000 164 168 148
-1.355400 3.558900 194.333800 138 129 121
-1.355400 3.559200 194.340300 163 147 124
-1.355400 3.559300 194.343600 180 163 131
-1.355400 3.561100 194.348700 168 148 149
-1.355400 3.567800 194.436100 203 188 208
-1.355300 3.550800 194.398900 207 215 228
-1.355300 3.553000 194.395100 179 191 184
-1.355200 3.560400 194.376200 132 141 162
-1.355000 3.563000 194.352300 185 187 179
-1.354600 3.558700 194.348400 160 153 147
-1.354600 3.567500 194.435100 190 190 195
-1.354600 3.579100 194.439000 147 124 120
-1.354300 3.586500 194.439900 127 77 67
-1.353900 3.565100 194.361600 177 177 174
-1.353800 3.564600 194.358400 143 122 113
-1.353600 3.564300 194.365200 180 174 154
-1.353500 3.563600 194.355500 132 138 114
-1.353500 3.567100 194.434400 193 192 190
-1.353300 3.563500 194.368800 163 174 149
-1.353100 3.562300 194.352400 181 183 177
-1.352800 3.550900 194.399300 214 211 219
-1.352800 3.582400 194.438100 154 111 109
-1.352700 3.562400 194.372500 154 164 151
-1.352700 3.566800 194.433300 200 199 199
-1.352700 3.590500 194.438800 91 64 44
-1.352600 3.558000 194.348600 162 156 149
-1.352400 3.553700 194.391900 187 189 187
-1.352100 3.553100 194.395400 175 194 191
-1.352000 3.566600 194.432200 206 201 206
-1.351700 3.561800 194.352100 196 176 194
-1.351500 3.557100 194.334800 146 156 142
-1.351500 3.557300 194.338100 167 168 151
-1.351400 3.557100 194.341400 183 166 154
-1.351400 3.557600 194.347900 171 156 128
-1.351400 3.566300 194.431000 207 206 204
-1.351300 3.557000 194.344800 172 151 132
-1.351100 3.586000 194.437100 112 90 70
-1.350800 3.551200 194.397300 217 212 228
-1.350800 3.566100 194.429800 205 206 207
-1.350700 3.551100 194.399300 212 205 220
-1.350300 3.563600 194.362500 191 177 189
-1.350300 3.563600 194.365700 185 169 186
-1.350300 3.563900 194.369000 179 186 185
-1.350200 3.563200 194.359300 167 158 156
-1.350100 3.562800 194.356200 166 162 139
-1.350000 3.561100 194.352000 208 179 192
-1.349700 3.566600 194.426900 221 222 219
-1.349600 3.566600 194.428800 210 208 216
-1.349200 3.551400 194.398700 206 211 220
-1.349200 3.590700 194.473800 105 108 104
-1.349200 3.595000 194.474000 131 113 110
-1.349100 3.553500 194.392300 184 189 185
-1.349100 3.566400 194.425700 198 197 186
-1.348900 3.556600 194.348700 159 149 128
-1.348800 3.551300 194.397200 211 214 220
-1.348800 3.553100 194.395800 184 186 177
-1.348700 3.561500 194.355000 204 197 216
-1.348700 3.603200 194.473500 117 106 108
-1.348500 3.602100 194.474000 122 119 106
-1.348300 3.561400 194.353500 214 199 210
-1.348300 3.595600 194.474600 144 119 114
-1.348200 3.596600 194.474400 140 129 135
-1.348200 3.604100 194.473600 120 105 114
-1.348000 3.587100 194.474300 118 113 112
-1.347900 3.591300 194.474700 113 116 112
-1.347900 3.597600 194.474300 126 146 136
-1.347600 3.583800 194.473900 105 102 76
-1.347500 3.556100 194.348400 168 147 131
-1.347400 3.587900 194.474500 127 120 125
-1.347400 3.592200 194.474700 140 140 132
-1.347400 3.605900 194.473600 119 121 149
-1.347200 3.598300 194.474700 138 141 138
-1.347100 3.589800 194.474100 131 131 133
-1.347000 3.560900 194.353000 212 205 201
-1.347000 3.563000 194.369600 203 219 220
-1.346900 3.562800 194.366400 208 200 216
-1.346900 3.604700 194.474500 130 118 132
-1.346900 3.606700 194.473700 119 131 145
-1.346700 3.594000 194.474800 151 141 138
-1.346600 3.596000 194.474200 156 152 161
-1.346400 3.551600 194.397500 196 205 209
-1.346300 3.584400 194.474900 120 123 103
-1.346200 3.551500 194.395800 211 216 219
-1.346100 3.555600 194.347800 170 163 137
-1.346000 3.553600 194.392600 200 192 186
-1.346000 3.566500 194.426600 179 186 177
-1.346000 3.585300 194.474800 120 122 106
-1.346000 3.586400 194.474400 132 131 120
-1.346000 3.607500 194.474200 132 136 149
-1.345900 3.580300 194.474800 106 98 114
-1.345500 3.604100 194.474100 167 167 172
-1.345500 3.607200 194.473000 166 168 177
-1.345300 3.566200 194.425500 181 179 181
-1.345200 3.582900 194.474500 129 117 105
-1.345000 3.581800 194.475100 132 109 105
-1.344900 3.578000 194.474600 108 106 103
-1.344700 3.580900 194.475600 126 101 105
-1.344500 3.590200 194.428900 41 31 21
-1.344400 3.555000 194.347800 172 176 149
-1.344400 3.571700 194.453800 108 107 70
-1.344400 3.575700 194.474100 90 98 95
-1.344400 3.590100 194.427200 43 19 20
-1.344200 3.565800 194.424800 187 180 182
-1.344200 3.571700 194.452200 108 88 94
-1.344100 3.551600 194.395900 217 208 219
-1.344100 3.560900 194.357800 210 215 217
-1.344100 3.560900 194.359800 205 214 226
-1.343900 3.554800 194.344400 193 185 178
-1.343900 3.554800 194.346400 183 176 163
-1.343900 3.562900 194.366700 210 205 217
-1.343900 3.571500 194.456100 119 99 97
-1.343800 3.560700 194.362100 206 215 231
-1.343800 3.562900 194.370000 211 204 216
-1.343800 3.611000 194.473100 168 179 180
-1.343700 3.612000 194.472900 160 181 172
-1.343600 3.564400 194.422100 147 169 172
-1.343600 3.590900 194.427600 32 15 24
-1.343500 3.612900 194.472700 172 184 171
-1.343400 3.554300 194.389400 176 188 208
-1.343400 3.554600 194.342900 217 196 198
-1.343400 3.579300 194.475600 121 123 119
-1.343400 3.594900 194.428200 35 28 16
-1.343200 3.572200 194.460200 123 110 88
-1.343100 3.571200 194.458800 109 106 83
-1.343100 3.578200 194.476200 110 115 103
-1.343000 3.571200 194.451600 119 85 96
-1.342900 3.553300 194.393100 193 202 209
-1.342900 3.572100 194.462200 109 103 103
-1.342900 3.588400 194.429200 37 14 2
-1.342900 3.589500 194.426900 30 14 21
-1.342800 3.565200 194.424400 172 183 182
-1.342800 3.577200 194.475000 132 104 103
-1.342800 3.613800 194.473000 176 179 171
-1.342500 3.570900 194.461200 126 110 80
-1.342500 3.575900 194.475700 125 118 116
-1.342500 3.615700 194.472500 187 180 187
-1.342400 3.563900 194.421500 171 179 172
-1.342400 3.616800 194.472300 179 177 188
-1.342300 3.571800 194.464700 116 113 121
-1.342200 3.606200 194.428900 37 23 1
-1.342100 3.569900 194.456500 102 109 95
-1.342100 3.598700 194.426100 33 7 12
-1.342100 3.614500 194.473300 184 177 178
-1.342000 3.587100 194.428500 26 31 13
-1.342000 3.587100 194.430400 43 29 7
-1.341800 3.577900 194.439400 64 63 65
-1.341800 3.602900 194.426700 18 14 7
-1.341700 3.551600 194.396300 213 211 218
-1.341700 3.576900 194.439900 74 60 81
-1.341600 3.560900 194.358300 215 224 225
-1.341600 3.571700 194.450900 109 99 86
-1.341600 3.589000 194.426400 40 15 15
-1.341500 3.570500 194.464000 135 119 109
-1.341500 3.573500 194.475600 111 112 105
-1.341500 3.575500 194.474900 118 118 117
-1.341400 3.560800 194.360500 207 218 221
-1.341400 3.585800 194.429600 18 25 3
-1.341400 3.586900 194.427300 55 17 17
-1.341300 3.560700 194.362500 217 226 234
-1.341300 3.563500 194.420700 180 172 170
-1.341300 3.572500 194.467100 121 120 119
-1.341300 3.578700 194.437700 40 45 13
-1.341200 3.564600 194.424200 158 179 175
-1.341200 3.574500 194.475500 115 119 124
-1.341100 3.554800 194.345100 216 195 188
-1.341000 3.554800 194.343200 212 208 200
-1.341000 3.570400 194.451900 83 93 68
-1.341000 3.575500 194.444600 82 61 60
-1.341000 3.576700 194.438700 57 62 43
-1.341000 3.577600 194.438400 46 52 25
-1.341000 3.595100 194.424700 3 7 0
-1.341000 3.607900 194.427500 44 22 21
-1.340900 3.560600 194.364900 211 217 230
-1.340900 3.571300 194.467900 108 107 114
-1.340800 3.554700 194.341500 188 198 185
-1.340800 3.569400 194.456000 105 97 96
-1.340800 3.575400 194.443000 97 72 79
-1.340700 3.571200 194.475300 104 121 85
-1.340700 3.574500 194.445300 96 57 69
-1.340600 3.554700 194.333800 211 208 191
-1.340600 3.555300 194.389300 184 198 212
-1.340600 3.562700 194.370400 207 222 225
-1.340600 3.579500 194.436200 37 28 1
-1.340500 3.554600 194.339900 209 209 202
-1.340500 3.562300 194.367300 204 223 225
-1.340500 3.600100 194.432600 20 8 0
-1.340400 3.571200 194.450300 107 103 60
-1.340400 3.585300 194.432400 32 32 0
-1.340300 3.554600 194.392900 171 189 192
-1.340300 3.561900 194.374000 223 225 227
-1.340300 3.574300 194.443800 73 72 80
-1.340300 3.575200 194.441700 69 72 98
-1.340300 3.580200 194.436300 33 32 14
-1.340200 3.552200 194.395600 208 208 215
-1.340200 3.584200 194.434900 34 25 12
-1.340100 3.572100 194.450300 102 96 52
-1.340000 3.573100 194.448200 115 88 87
-1.340000 3.583100 194.433600 20 21 4
-1.339900 3.578100 194.437400 67 34 21
-1.339800 3.554400 194.336600 228 221 217
-1.339800 3.554400 194.338700 223 207 210
-1.339800 3.562900 194.420500 184 174 181
-1.339800 3.571800 194.475800 107 117 82
-1.339800 3.573000 194.446600 82 81 63
-1.339600 3.552000 194.394200 193 206 211
-1.339600 3.580900 194.434800 41 40 29
-1.339600 3.587100 194.428900 33 20 11
-1.339600 3.590200 194.425900 14 10 2
-1.339600 3.593400 194.424700 15 8 0
-1.339600 3.597700 194.423200 14 6 6
-1.339500 3.572800 194.475800 130 122 98
-1.339500 3.610500 194.427900 19 16 0
-1.339500 3.619600 194.472000 192 190 182
-1.339400 3.569700 194.468000 124 117 110
-1.339400 3.571800 194.449200 109 82 75
-1.339400 3.589200 194.428300 27 8 8
-1.339400 3.594400 194.424500 6 12 0
-1.339400 3.610500 194.426100 33 11 15
-1.339200 3.559500 194.378300 179 177 157
-1.339200 3.561000 194.364400 220 223 233
-1.339200 3.569500 194.475400 118 125 90
-1.339200 3.583800 194.432300 28 33 20
-1.339100 3.581700 194.434900 43 29 20
-1.339100 3.583800 194.434200 14 26 0
-1.339000 3.570600 194.471600 125 119 120
-1.339000 3.620400 194.472100 190 188 201
-1.338900 3.571500 194.475000 103 110 84
-1.338900 3.591000 194.426300 8 15 7
-1.338900 3.592000 194.427800 18 15 12
-1.338500 3.554800 194.335800 210 208 191
-1.338500 3.613300 194.427700 25 25 10
-1.338500 3.613300 194.429600 61 25 24
-1.338400 3.562400 194.420100 159 174 173
-1.338400 3.591800 194.426500 3 15 0
-1.338400 3.598200 194.422200 44 7 12
-1.338400 3.607800 194.433500 31 27 25
-1.338300 3.597100 194.422700 43 11 15
-1.338200 3.556900 194.382500 181 163 147
-1.338200 3.621000 194.472600 174 177 195
-1.337900 3.554600 194.338400 225 213 211
-1.337900 3.570100 194.476300 102 124 86
-1.337800 3.569000 194.471500 124 121 113
-1.337800 3.608700 194.433800 31 32 28
-1.337700 3.555700 194.386200 185 175 183
-1.337600 3.555400 194.348400 194 179 167
-1.337600 3.598900 194.426500 16 15 11
-1.337600 3.608600 194.432100 14 27 8
-1.337500 3.552000 194.394400 192 210 213
-1.337500 3.570000 194.474900 112 117 97
-1.337400 3.555000 194.389800 188 207 179
-1.337400 3.595800 194.424000 21 0 3
-1.337300 3.562700 194.374100 233 226 235
-1.337300 3.593600 194.424900 25 25 30
-1.337300 3.614800 194.428200 36 12 18
-1.337200 3.561300 194.364300 233 224 235
-1.337200 3.573000 194.432900 137 88 103
-1.337200 3.594500 194.424700 8 22 21
-1.337200 3.621600 194.473200 186 191 208
-1.337100 3.605100 194.422800 52 12 21
-1.337000 3.561200 194.366600 222 221 230
-1.337000 3.561800 194.419700 170 183 177
-1.337000 3.622600 194.473000 173 175 186
-1.336900 3.560100 194.368900 203 207 217
-1.336900 3.601800 194.422300 22 12 8
-1.336800 3.568600 194.476000 112 101 81
-1.336700 3.567700 194.469200 115 121 87
-1.336700 3.572100 194.436500 72 84 58
-1.336600 3.599600 194.423400 32 14 6
-1.336400 3.560300 194.378300 183 187 159
-1.336400 3.570800 194.430400 105 90 72
-1.336300 3.555000 194.335900 199 210 192
-1.336300 3.571200 194.440100 62 69 63
-1.336200 3.571000 194.443400 100 92 84
-1.336200 3.571100 194.446700 101 92 84
-1.336000 3.561800 194.365300 231 221 233
-1.336000 3.602500 194.422800 15 14 10
-1.335900 3.598300 194.426300 20 17 11
-1.335900 3.603500 194.422600 28 18 25
-1.335800 3.570200 194.450200 63 71 51
-1.335700 3.598200 194.424700 43 12 11
-1.335500 3.567200 194.475800 122 98 103
-1.335500 3.569600 194.453700 100 78 75
-1.335500 3.624000 194.472000 179 184 199
-1.335400 3.557900 194.382400 199 196 187
-1.335300 3.569100 194.457100 103 71 72
-1.335200 3.562300 194.423100 172 186 191
-1.335000 3.605400 194.426300 45 11 6
-1.334900 3.561300 194.368600 211 207 220
-1.334800 3.552200 194.395000 217 213 226
-1.334800 3.604100 194.423300 21 3 16
-1.334700 3.556400 194.386300 193 195 201
-1.334700 3.567700 194.460900 90 90 79
-1.334600 3.624600 194.472500 193 192 207
-1.334400 3.562300 194.374500 220 221 225
-1.334400 3.605100 194.425100 26 10 4
-1.334200 3.555000 194.390200 191 199 193
-1.334200 3.555300 194.333900 208 220 211
-1.334200 3.562000 194.422200 158 175 160
-1.334200 3.605000 194.423500 7 12 2
-1.334200 3.625500 194.472600 191 188 205
-1.334000 3.610300 194.421700 8 8 7
-1.333600 3.562100 194.367500 221 214 228
-1.333600 3.564900 194.465100 75 63 73
-1.333600 3.608000 194.421100 15 14 5
-1.333400 3.552500 194.396200 210 214 217
-1.333400 3.559800 194.378700 188 201 175
-1.333400 3.560900 194.348600 180 173 174
-1.333400 3.606900 194.423600 17 14 12
-1.333300 3.565300 194.476700 135 120 117
-1.333300 3.620200 194.429800 43 27 25
-1.333300 3.626100 194.473100 175 185 195
-1.333200 3.552500 194.394500 207 218 215
-1.333100 3.611000 194.422200 16 12 9
-1.333000 3.555700 194.333000 212 221 225
-1.333000 3.555700 194.334900 213 221 210
-1.333000 3.622100 194.427500 24 10 0
-1.332800 3.561500 194.421900 171 179 163
-1.332800 3.607700 194.423700 12 16 14
-1.332700 3.555600 194.331300 222 217 223
-1.332700 3.558300 194.382600 185 191 178
-1.332700 3.569200 194.431300 92 116 86
-1.332700 3.605400 194.424700 15 11 6
-1.332600 3.562500 194.469300 92 81 100
-1.332500 3.562500 194.472500 90 94 82
-1.332500 3.562700 194.366500 217 209 226
-1.332500 3.568900 194.434700 129 120 96
-1.332500 3.608500 194.423800 15 15 15
-1.332400 3.626700 194.473600 179 183 195
-1.332200 3.557000 194.386400 199 203 193
-1.332200 3.614700 194.421600 17 7 22
-1.332100 3.564900 194.470700 106 116 112
-1.331900 3.623700 194.426000 22 21 6
-1.331800 3.564700 194.476300 119 112 88
-1.331800 3.564800 194.469200 117 118 111
-1.331800 3.566900 194.428900 156 119 134
-1.331800 3.617600 194.432100 38 19 11
-1.331700 3.552900 194.392000 220 210 209
-1.331600 3.612400 194.423100 10 0 0
-1.331500 3.560900 194.421400 197 192 182
-1.331500 3.627400 194.472400 180 190 185
-1.331400 3.555200 194.390300 212 205 201
-1.331400 3.556200 194.330400 233 222 227
-1.331300 3.552800 194.394300 207 210 214
-1.331100 3.563200 194.367600 213 207 224
-1.331100 3.563500 194.477500 115 110 89
-1.331100 3.611100 194.424000 32 24 19
-1.331000 3.556000 194.332800 233 223 235
-1.330900 3.617200 194.423800 27 12 1
-1.330800 3.628000 194.472700 183 192 190
-1.330700 3.563700 194.426800 173 127 156
-1.330700 3.564400 194.468500 119 107 100
-1.330700 3.613000 194.423700 5 12 8
-1.330700 3.623200 194.429100 42 12 15
-1.330200 3.563800 194.366400 225 224 232
-1.330200 3.564000 194.456100 125 112 120
-1.330100 3.561800 194.424200 169 138 142
-1.330000 3.614800 194.423600 26 3 21
-1.330000 3.624000 194.425700 32 10 15
-1.329900 3.563500 194.462700 92 99 79
-1.329700 3.556500 194.331900 231 222 231
-1.329700 3.560200 194.421500 190 179 191
-1.329600 3.623800 194.428000 29 15 8
-1.329400 3.562200 194.466400 120 101 113
-1.329400 3.615600 194.423900 30 14 11
-1.329300 3.615500 194.425800 32 15 6
-1.329300 3.628400 194.473800 168 179 178
-1.329200 3.624600 194.426200 29 16 14
-1.329100 3.562700 194.477700 120 119 109
-1.329100 3.624500 194.428100 30 15 5
-1.329100 3.629400 194.473600 143 148 153
-1.329000 3.561400 194.470000 125 103 126
-1.329000 3.616400 194.424000 23 11 0
-1.328400 3.629100 194.472600 192 190 209
-1.328200 3.553600 194.391200 217 209 217
-1.328200 3.559700 194.421200 190 188 205
-1.328200 3.565000 194.365800 220 221 227
-1.328000 3.617900 194.424300 37 12 15
-1.327800 3.556800 194.331700 238 223 235
-1.327800 3.563800 194.368700 207 214 218
-1.327700 3.562200 194.477300 115 105 103
-1.327700 3.616700 194.425000 22 6 5
-1.327400 3.553300 194.394000 212 194 209
-1.327400 3.561100 194.478000 138 123 106
-1.327400 3.563800 194.430400 159 138 132
-1.327300 3.618600 194.424700 35 14 16
-1.327000 3.562500 194.427600 179 151 147
-1.327000 3.619500 194.426400 24 7 18
-1.326700 3.557400 194.346500 209 208 211
-1.326700 3.561300 194.424700 172 149 139
-1.326700 3.620400 194.424400 16 16 7
-1.326700 3.622500 194.434800 37 5 9
-1.326500 3.561700 194.476800 101 115 102
-1.326500 3.630100 194.473800 168 167 176
-1.326400 3.561600 194.441000 134 98 95
-1.326300 3.625400 194.428400 29 11 10
-1.326200 3.557200 194.345200 218 223 222
-1.326200 3.561500 194.450800 143 130 122
-1.326200 3.566100 194.374100 210 221 224
-1.326200 3.619100 194.425400 24 15 15
-1.326200 3.623200 194.433000 37 15 18
-1.326100 3.561400 194.454000 160 127 142
-1.326000 3.560700 194.444500 126 116 109
-1.326000 3.560900 194.447700 144 143 139
-1.325900 3.561200 194.457400 143 131 123
-1.325900 3.566100 194.365800 214 225 230
-1.325800 3.553700 194.391700 216 210 234
-1.325700 3.557900 194.347300 206 202 205
-1.325500 3.560300 194.478200 105 121 102
-1.325500 3.560400 194.467400 131 105 131
-1.325400 3.630600 194.472800 190 198 206
-1.325400 3.630600 194.474600 161 148 161
-1.325300 3.556900 194.332200 216 220 206
-1.325300 3.556900 194.334200 218 223 228
-1.325200 3.557800 194.345900 216 215 217
-1.325200 3.564700 194.368900 213 215 222
-1.325200 3.622800 194.426800 25 11 8
-1.325100 3.624900 194.427900 27 16 11
-1.325000 3.559300 194.471000 151 126 149
-1.325000 3.562800 194.378600 184 196 205
-1.324700 3.559300 194.420900 202 202 196
-1.324500 3.623400 194.427100 21 3 3
-1.324300 3.566400 194.367200 216 226 232
-1.324300 3.567500 194.364900 220 227 234
-1.324300 3.631200 194.473500 186 184 192
-1.324200 3.554000 194.391100 223 214 222
-1.324200 3.557500 194.333100 216 220 200
-1.324200 3.623300 194.434900 24 16 5
-1.324100 3.560700 194.382700 199 203 205
-1.324000 3.558600 194.330800 210 205 207
-1.323900 3.559000 194.419800 184 198 182
-1.323900 3.613700 194.331300 173 163 155
-1.323900 3.624300 194.427300 22 14 11
-1.323800 3.625200 194.429000 15 12 13
-1.323700 3.553900 194.393600 218 213 233
-1.323700 3.613600 194.333500 186 164 171
-1.323600 3.559600 194.478300 112 116 107
-1.323600 3.567300 194.374000 223 221 233
-1.323500 3.559400 194.331000 218 208 219
-1.323400 3.561400 194.431600 158 154 134
-1.323400 3.561500 194.434800 128 149 138
-1.323300 3.560900 194.428500 162 167 135
-1.323300 3.613400 194.336000 170 166 161
-1.323300 3.631800 194.474200 160 157 162
-1.323200 3.554700 194.390000 213 210 224
-1.323200 3.631800 194.472400 186 186 199
-1.323100 3.557800 194.419200 202 197 195
-1.323100 3.560900 194.438300 155 168 147
-1.323100 3.613300 194.338200 179 171 166
-1.323000 3.560000 194.425600 172 163 158
-1.322900 3.560200 194.331400 231 217 233
-1.322900 3.612200 194.336800 180 172 168
-1.322900 3.612200 194.338800 174 176 164
-1.322900 3.612300 194.330800 174 163 152
-1.322800 3.561200 194.331100 220 228 223
-1.322800 3.612200 194.332900 180 169 158
-1.322700 3.559900 194.441900 147 127 125
-1.322600 3.554500 194.392500 217 209 221
-1.322600 3.568700 194.364000 224 225 234
-1.322600 3.612100 194.335200 187 161 166
-1.322500 3.559700 194.445200 141 121 125
-1.322400 3.559600 194.448500 152 147 161
-1.322400 3.559800 194.451700 164 150 163
-1.322400 3.625700 194.430000 19 22 21
-1.322400 3.632500 194.472900 177 179 194
-1.322300 3.625600 194.432000 35 19 22
-1.322200 3.559500 194.458200 137 140 126
-1.322200 3.563700 194.378600 197 197 198
-1.322000 3.560900 194.330000 219 221 216
-1.321900 3.558200 194.420200 197 199 192
-1.321500 3.558200 194.471700 138 143 155
-1.321500 3.558300 194.468400 157 168 167
-1.321500 3.558800 194.478600 117 121 105
-1.321500 3.561600 194.330200 233 231 223
-1.321400 3.555100 194.389700 212 207 224
-1.321200 3.561200 194.382800 187 186 181
-1.321200 3.569300 194.373500 224 219 227
-1.321200 3.633100 194.473700 153 164 177
-1.321000 3.567200 194.368200 211 217 226
-1.321000 3.610400 194.339400 191 183 173
-1.321000 3.610500 194.337400 195 171 174
-1.320800 3.570100 194.363400 226 227 232
-1.320600 3.625800 194.435200 57 34 39
-1.320500 3.610200 194.335900 184 179 163
-1.320400 3.610200 194.334000 173 172 157
-1.320200 3.570800 194.363700 226 222 231
-1.320200 3.610000 194.342300 168 180 160
-1.320100 3.568900 194.366500 217 214 226
-1.320100 3.572600 194.361200 238 223 235
-1.320000 3.562900 194.329200 228 217 218
-1.319900 3.554500 194.393200 209 210 227
-1.319900 3.625500 194.434100 50 18 31
-1.319600 3.559100 194.426200 155 166 147
-1.319600 3.630500 194.436200 83 43 21
-1.319500 3.558000 194.479000 125 133 109
-1.319500 3.564900 194.378500 213 203 193
-1.319500 3.571600 194.348400 196 193 175
-1.319400 3.626200 194.436100 57 51 42
-1.319400 3.633200 194.473400 154 167 180
-1.319100 3.555100 194.391900 212 210 220
-1.319100 3.558300 194.439500 133 137 134
-1.319100 3.571400 194.373000 213 212 219
-1.319100 3.573100 194.361900 235 215 235
-1.318900 3.558100 194.423100 199 200 197
-1.318900 3.627000 194.436300 68 51 22
-1.318700 3.563500 194.330300 215 212 217
-1.318500 3.630000 194.435400 70 42 23
-1.318400 3.625800 194.435400 69 51 56
-1.318400 3.627700 194.436400 68 42 9
-1.318400 3.628800 194.436000 64 32 4
-1.318300 3.574900 194.360000 232 223 233
-1.318300 3.630800 194.437200 68 21 3
-1.318200 3.561500 194.383000 188 189 190
-1.318200 3.608200 194.333100 169 184 177
-1.318100 3.557500 194.472300 168 163 168
-1.318000 3.633700 194.474500 143 154 156
-1.317900 3.633700 194.472700 179 175 183
-1.317800 3.564100 194.331000 214 220 219
-1.317800 3.570900 194.366000 227 215 233
-1.317800 3.608000 194.335600 176 181 173
-1.317700 3.557300 194.479000 113 120 77
-1.317700 3.607900 194.339600 179 186 163
-1.317500 3.626400 194.435900 43 50 39
-1.317400 3.576500 194.358400 237 234 233
-1.317400 3.607700 194.344100 198 188 177
-1.317400 3.607800 194.342000 187 172 171
-1.317400 3.627300 194.435700 51 43 27
-1.317300 3.630400 194.436400 76 48 35
-1.317200 3.564900 194.331200 211 216 213
-1.317200 3.606800 194.330600 184 179 172
-1.317100 3.573400 194.363800 219 216 215
-1.317100 3.631400 194.438000 91 75 44
-1.317000 3.565800 194.329100 205 196 193
-1.316900 3.565800 194.331300 209 213 212
-1.316900 3.606600 194.342900 202 186 184
-1.316900 3.606700 194.332900 183 185 177
-1.316800 3.572900 194.372800 228 222 217
-1.316800 3.577400 194.358600 233 227 227
-1.316800 3.606600 194.335100 169 186 176
-1.316700 3.575200 194.361500 236 213 223
-1.316600 3.556400 194.390000 211 212 225
-1.316600 3.566600 194.329200 193 191 192
-1.316600 3.607400 194.346800 158 179 157
-1.316400 3.558700 194.426700 185 195 186
-1.316400 3.634100 194.473800 158 158 161
-1.316300 3.557800 194.478300 131 119 108
-1.316300 3.606300 194.345600 201 181 179
-1.316300 3.632000 194.440400 48 81 40
-1.316200 3.578100 194.358900 226 224 214
-1.316100 3.555200 194.392800 207 206 223
-1.316100 3.566400 194.331700 206 212 208
-1.316000 3.556700 194.478900 121 118 112
-1.315900 3.605100 194.346500 190 166 164
-1.315700 3.557900 194.446500 141 144 147
-1.315700 3.568200 194.331500 227 211 214
-1.315700 3.606100 194.348300 170 176 157
-1.315600 3.555000 194.395200 212 212 223
-1.315600 3.569200 194.331200 213 211 205
-1.315600 3.602900 194.347700 163 152 149
-1.315500 3.557800 194.456200 185 171 176
-1.315400 3.556700 194.423100 195 206 215
-1.315400 3.557400 194.453100 174 169 166
-1.315400 3.603900 194.347500 176 152 153
-1.315400 3.605000 194.331100 183 183 171
-1.315300 3.582800 194.356100 204 216 210
-1.315300 3.600700 194.348900 154 147 131
-1.315200 3.576500 194.371700 210 204 177
-1.315200 3.583800 194.355700 208 212 216
-1.315200 3.631500 194.439700 99 80 52
-1.315000 3.578600 194.359900 222 215 212
-1.315000 3.587000 194.354700 223 203 205
-1.315000 3.597400 194.350500 173 156 148
-1.315000 3.604700 194.349600 163 163 147
-1.314900 3.560600 194.387000 201 206 217
-1.314900 3.575500 194.363200 236 213 215
-1.314800 3.556800 194.472800 189 180 175
-1.314800 3.585700 194.355400 211 198 206
-1.314700 3.567700 194.378000 184 194 178
-1.314700 3.604700 194.333900 185 184 184
-1.314600 3.556200 194.469800 170 170 170
-1.314600 3.569800 194.332000 205 206 196
-1.314600 3.584700 194.356000 204 196 207
-1.314600 3.634200 194.473500 168 168 189
-1.314500 3.603500 194.350500 159 154 140
-1.314400 3.598200 194.350800 158 153 140
-1.314300 3.555500 194.394400 216 215 234
-1.314300 3.557000 194.478600 120 110 109
-1.314300 3.603500 194.332800 189 184 172
-1.314300 3.632200 194.443800 74 84 58
-1.314200 3.556000 194.479000 119 125 120
-1.314200 3.556300 194.422500 209 206 205
-1.314200 3.579400 194.360400 216 211 208
-1.314200 3.599200 194.350500 156 155 138
-1.314100 3.588500 194.355000 208 192 187
-1.314100 3.602300 194.351400 176 164 152
-1.314000 3.595800 194.352100 168 162 143
-1.314000 3.632100 194.442300 64 59 35
-1.313900 3.587500 194.355500 217 197 196
-1.313900 3.602300 194.333700 195 187 175
-1.313800 3.602300 194.331700 192 179 168
-1.313700 3.580100 194.360600 195 200 194
-1.313700 3.594600 194.352900 183 174 157
-1.313500 3.558900 194.430100 191 195 186
-1.313500 3.559200 194.433300 192 183 197
-1.313500 3.571100 194.332500 204 197 199
-1.313400 3.572100 194.332300 209 194 196
-1.313400 3.576000 194.364500 221 207 205
-1.313400 3.589300 194.355300 200 184 172
-1.313400 3.593500 194.353600 185 173 160
-1.313400 3.632900 194.446200 56 88 52
-1.313200 3.558400 194.436800 159 148 173
-1.313100 3.555500 194.478400 116 122 117
-1.313100 3.572900 194.332200 204 194 189
-1.313100 3.600800 194.333100 189 175 173
-1.313000 3.556000 194.393600 216 217 228
-1.313000 3.557500 194.477800 124 107 110
-1.313000 3.632700 194.444800 91 82 68
-1.312900 3.557000 194.391400 211 213 226
-1.312800 3.557500 194.440400 190 185 193
-1.312700 3.590100 194.355700 189 174 160
-1.312700 3.592200 194.354800 179 163 154
-1.312700 3.634500 194.473300 155 161 160
-1.312600 3.558300 194.462800 175 170 205
-1.312600 3.580700 194.361400 197 210 200
-1.312500 3.557000 194.443800 181 162 182
-1.312500 3.557100 194.447100 161 161 171
-1.312500 3.569400 194.377700 188 181 146
-1.312500 3.591100 194.355500 184 164 158
-1.312500 3.599600 194.332200 194 189 196
-1.312400 3.556500 194.426000 206 208 210
-1.312400 3.557000 194.450300 184 170 191
-1.312400 3.557100 194.453600 196 185 209
-1.312400 3.557400 194.456600 179 158 184
-1.312400 3.557700 194.459800 166 158 182
-1.312400 3.557800 194.466200 179 183 188
-1.312400 3.561800 194.386900 185 184 172
-1.312300 3.556200 194.478900 121 116 109
-1.311900 3.555100 194.477900 143 148 139
-1.311900 3.556800 194.469800 187 184 173
-1.311800 3.556700 194.473100 190 176 149
-1.311700 3.576400 194.330300 209 194 181
-1.311700 3.597100 194.332000 186 190 183
-1.311700 3.633100 194.447600 95 87 72
-1.311600 3.574400 194.333100 191 193 167
-1.311300 3.566100 194.382200 208 196 188
-1.311200 3.581100 194.362600 196 212 206
-1.311200 3.634800 194.472700 167 163 173
-1.311200 3.634800 194.474500 132 134 127
-1.311100 3.633900 194.449700 100 83 78
-1.311000 3.595800 194.331200 188 189 186
-1.310900 3.631800 194.445200 108 64 58
-1.310800 3.634800 194.453200 110 94 81
-1.310700 3.556100 194.395700 219 223 233
-1.310700 3.557000 194.393600 219 213 231
-1.310700 3.585300 194.327700 232 233 222
-1.310700 3.632600 194.446900 97 73 87
-1.310600 3.571800 194.377100 180 179 158
-1.310600 3.577100 194.331100 206 197 185
-1.310500 3.582000 194.329200 218 219 213
-1.310500 3.634600 194.451700 116 85 69
-1.310400 3.558400 194.430600 189 197 181
-1.310400 3.558500 194.433800 193 189 181
-1.310400 3.594400 194.330300 193 181 198
-1.310300 3.578900 194.330700 200 201 194
-1.310300 3.580000 194.330200 215 212 211
-1.310300 3.581800 194.363300 193 204 205
-1.310200 3.555400 194.479300 122 120 121
-1.310200 3.592300 194.329500 197 186 188
-1.310100 3.557900 194.437300 186 192 204
-1.309800 3.592100 194.331800 193 183 182
-1.309800 3.593200 194.331400 199 187 198
-1.309700 3.582800 194.329700 216 216 205
-1.309700 3.583700 194.329400 222 224 210
-1.309700 3.591000 194.330400 189 180 175
-1.309600 3.557000 194.440900 183 185 184
-1.309500 3.556800 194.447400 190 189 202
-1.309500 3.557000 194.450600 177 183 186
-1.309500 3.557500 194.460200 179 198 205
-1.309500 3.580600 194.330700 221 218 217
-1.309400 3.556300 194.427100 205 206 210
-1.309400 3.556500 194.444300 169 159 170
-1.309400 3.557100 194.457100 195 189 213
-1.309400 3.596000 194.358500 193 187 194
-1.309400 3.633200 194.449700 86 80 50
-1.309300 3.557300 194.463500 179 189 195
-1.309200 3.557000 194.466800 183 197 204
-1.309200 3.589800 194.331400 179 186 171
-1.309000 3.556200 194.429400 208 209 215
-1.308900 3.556900 194.478200 135 121 107
-1.308900 3.588700 194.332200 187 184 177
-1.308800 3.567100 194.382100 201 167 189
-1.308700 3.554800 194.479100 137 133 146
-1.308700 3.556000 194.431600 218 199 217
-1.308700 3.582200 194.364600 204 206 210
-1.308400 3.583000 194.364600 207 205 211
-1.308400 3.634800 194.455300 108 97 94
-1.308300 3.586200 194.345800 214 199 213
-1.308100 3.555500 194.479400 133 120 127
-1.308100 3.587300 194.331600 172 189 178
-1.307800 3.555600 194.458100 197 208 207
-1.307600 3.564000 194.386600 222 203 210
-1.307500 3.586000 194.332700 195 203 201
-1.307400 3.556800 194.396800 222 218 235
-1.307300 3.555400 194.451400 216 214 223
-1.307200 3.555300 194.449700 230 221 215
-1.307200 3.555300 194.457000 198 202 188
-1.307000 3.554200 194.473700 192 209 219
-1.307000 3.583600 194.365800 206 206 209
-1.307000 3.585800 194.335300 189 203 193
-1.306900 3.554100 194.477400 203 210 222
-1.306900 3.555200 194.453600 212 218 217
-1.306800 3.554100 194.475700 212 205 222
-1.306700 3.555200 194.439200 202 212 214
-1.306700 3.558400 194.393100 215 221 218
-1.306600 3.555100 194.448500 227 213 231
-1.306500 3.555100 194.455800 198 212 199
-1.306500 3.556200 194.429700 203 215 220
-1.306500 3.556800 194.478600 139 129 128
-1.306400 3.555100 194.443200 194 209 206
-1.306400 3.569500 194.381600 190 189 180
-1.306300 3.554800 194.479500 147 132 145
-1.306300 3.555000 194.445200 195 213 213
-1.306200 3.553900 194.472700 221 207 221
-1.306200 3.555000 194.447000 202 207 217
-1.306100 3.555000 194.441800 204 215 220
-1.306100 3.557100 194.396100 224 219 231
-1.305900 3.555700 194.479500 144 124 133
-1.305700 3.554700 194.465800 225 212 221
-1.305600 3.555900 194.432600 210 220 225
-1.305500 3.554500 194.473200 215 207 220
-1.305400 3.583900 194.367200 205 205 207
-1.305100 3.554400 194.478900 189 175 190
-1.305100 3.555500 194.458800 224 215 217
-1.305000 3.554400 194.471900 204 211 214
-1.305000 3.566100 194.386200 194 186 183
-1.304900 3.555600 194.435200 224 213 223
-1.304700 3.554300 194.468600 225 219 214
-1.304700 3.555400 194.461000 208 213 208
-1.304700 3.584600 194.367600 205 205 206
-1.304500 3.554200 194.470600 202 207 204
-1.304300 3.557000 194.478800 130 123 117
-1.304100 3.558400 194.395600 220 226 227
-1.304100 3.559400 194.393400 214 216 230
-1.304100 3.572200 194.380900 166 172 167
-1.303900 3.585300 194.368100 207 201 204
-1.303800 3.555100 194.438300 222 207 215
-1.303800 3.556000 194.432500 207 221 220
-1.303800 3.634600 194.475600 115 129 119
-1.303700 3.554900 194.463900 213 223 224
-1.303200 3.555800 194.434900 204 218 222
-1.303100 3.554800 194.440900 204 216 211
-1.303000 3.554700 194.466400 215 222 227
-1.303000 3.585900 194.368800 198 192 193
-1.302800 3.568700 194.385500 184 188 181
-1.302700 3.554500 194.468600 215 219 233
-1.302700 3.634100 194.473200 133 140 137
-1.302700 3.634100 194.475000 108 132 120
-1.302600 3.557300 194.478500 133 118 126
-1.302300 3.560500 194.392800 232 218 233
-1.302300 3.586700 194.369100 202 195 196
-1.302000 3.559600 194.395300 220 213 235
-1.301800 3.556000 194.479600 121 112 116
-1.300500 3.561900 194.392100 223 225 227
-1.300200 3.557300 194.478900 127 111 131
-1.300000 3.560800 194.394800 227 221 234
-1.299700 3.633900 194.475800 109 122 109
-1.299600 3.556100 194.479800 123 119 135
-1.298800 3.562100 194.393600 223 227 227
-1.298500 3.558500 194.478100 119 113 123
-1.298300 3.633200 194.475500 110 121 111
-1.297800 3.563600 194.392200 225 218 227
-1.297700 3.556400 194.479600 147 139 158
-1.297300 3.632800 194.474800 121 131 126
-1.296700 3.633500 194.476800 113 118 106
-1.295900 3.558700 194.478800 126 119 137
-1.295600 3.563500 194.394400 221 219 228
-1.295500 3.557300 194.479600 136 126 156
-1.295300 3.565400 194.392000 222 219 227
-1.295100 3.577400 194.381800 218 213 221
-1.295000 3.632800 194.476800 112 123 110
-1.293900 3.578100 194.382700 206 213 211
-1.293600 3.567800 194.390800 220 211 216
-1.293600 3.632100 194.476500 119 125 119
-1.293200 3.559400 194.479100 117 120 111
-1.292800 3.561000 194.478900 124 104 118
-1.292600 3.565400 194.394700 233 226 230
-1.292400 3.560100 194.479600 112 105 111
-1.292400 3.571200 194.388800 209 210 216
-1.292400 3.578400 194.384000 201 210 205
-1.292200 3.568100 194.392000 216 216 224
-1.291700 3.566000 194.395300 233 225 225
-1.291700 3.631200 194.476700 127 119 116
-1.291500 3.572000 194.389400 216 217 227
-1.291300 3.579000 194.384900 202 206 205
-1.290700 3.631800 194.475600 118 118 112
-1.290600 3.592600 194.462200 26 15 25
-1.290500 3.579700 194.385300 214 209 213
-1.290400 3.559300 194.480000 151 131 145
-1.290400 3.561000 194.479400 134 115 116
-1.290300 3.566500 194.396500 230 219 216
-1.290300 3.568400 194.393800 208 217 222
-1.290000 3.631500 194.474600 120 127 110
-1.289700 3.630300 194.477100 124 112 116
-1.289600 3.572100 194.391200 219 211 218
-1.289400 3.584200 194.384700 201 190 200
-1.289300 3.558900 194.479300 195 191 207
-1.289000 3.580000 194.386700 219 209 218
-1.289000 3.583000 194.385500 210 195 204
-1.288800 3.581000 194.386500 213 197 201
-1.288600 3.572700 194.391900 221 215 218
-1.288100 3.581700 194.386900 217 201 208
-1.288000 3.563000 194.479000 136 99 116
-1.287800 3.629400 194.477400 133 111 104
-1.287400 3.628200 194.476300 147 110 116
-1.287200 3.573200 194.393100 224 215 220
-1.286500 3.573800 194.393500 225 209 223
-1.285900 3.628600 194.477600 122 113 100
-1.285600 3.574600 194.394100 220 214 218
-1.285000 3.562800 194.480100 129 118 133
-1.285000 3.575300 194.394300 220 217 217
-1.284800 3.627000 194.477300 122 111 104
-1.284700 3.563700 194.480000 123 112 124
-1.284600 3.564600 194.479800 117 108 116
-1.284300 3.627800 194.477500 112 108 103
-1.284200 3.576000 194.394900 223 217 217
-1.283700 3.576800 194.395000 218 215 216
-1.282800 3.627100 194.477200 131 123 122
-1.282600 3.577300 194.395900 216 218 215
-1.282400 3.564700 194.480000 122 121 125
-1.282400 3.578300 194.395700 208 210 205
-1.282400 3.580200 194.394900 198 203 204
-1.282400 3.586500 194.392400 202 193 192
-1.282400 3.626000 194.478000 113 119 102
-1.282300 3.624700 194.476900 109 110 97
-1.282200 3.579200 194.395500 199 203 200
-1.282100 3.566500 194.479600 115 111 118
-1.281700 3.565500 194.480300 120 121 125
-1.281500 3.580900 194.395600 203 211 214
-1.281400 3.623300 194.476400 118 109 117
-1.281300 3.626400 194.477000 154 138 130
-1.281200 3.583900 194.394700 196 197 194
-1.281200 3.585000 194.394200 211 197 197
-1.280800 3.625200 194.478000 123 119 106
-1.280600 3.581500 194.396200 194 203 210
-1.280400 3.582500 194.395900 181 206 196
-1.280400 3.621800 194.476200 121 106 108
-1.280300 3.623800 194.477200 117 106 106
-1.279500 3.566600 194.480200 153 139 159
-1.279500 3.590300 194.395600 202 184 190
-1.279500 3.624600 194.477700 144 129 123
-1.279100 3.624400 194.470900 173 162 164
-1.279000 3.569300 194.479600 131 113 121
-1.279000 3.589000 194.396600 201 184 194
-1.279000 3.621400 194.443200 184 186 196
-1.278600 3.621200 194.445500 184 184 188
-1.278600 3.624200 194.476700 159 151 145
-1.278500 3.568000 194.480600 125 118 130
-1.278500 3.619900 194.476700 118 111 114
-1.278500 3.621200 194.449200 176 179 184
-1.278500 3.622000 194.477700 125 121 121
-1.278500 3.624100 194.473300 184 166 167
-1.278400 3.624100 194.475300 175 167 163
-1.278300 3.621000 194.451200 184 179 175
-1.278300 3.621100 194.447600 191 181 182
-1.278200 3.569900 194.480200 121 103 111
-1.278100 3.620900 194.453400 179 176 173
-1.278000 3.570900 194.479900 116 102 113
-1.278000 3.620900 194.455300 186 181 177
-1.277900 3.592400 194.398200 199 195 201
-1.277800 3.587600 194.398300 196 183 191
-1.277600 3.567700 194.479700 179 191 198
-1.277500 3.600000 194.401200 193 192 186
-1.277400 3.619600 194.447200 183 186 190
-1.277300 3.619500 194.449200 180 179 183
-1.277300 3.622500 194.469600 179 172 170
-1.277200 3.572500 194.480200 107 111 112
-1.277200 3.586200 194.399400 197 186 189
-1.277200 3.591200 194.399400 203 194 205
-1.277200 3.619400 194.451100 174 177 176
-1.277200 3.620500 194.457900 169 176 170
-1.277100 3.619400 194.445800 179 184 189
-1.277000 3.585000 194.400200 201 191 191
-1.277000 3.618200 194.476900 120 104 102
-1.277000 3.619400 194.453100 186 179 179
-1.276900 3.619300 194.455100 179 175 171
-1.276900 3.619400 194.442200 184 187 185
-1.276900 3.619400 194.444100 173 179 179
-1.276800 3.622300 194.472000 187 170 170
-1.276600 3.621200 194.463600 177 177 168
-1.276500 3.615300 194.427700 190 185 185
-1.276400 3.574200 194.480200 102 62 94
-1.276200 3.573100 194.480800 103 96 112
-1.276200 3.618100 194.439800 191 181 193
-1.276200 3.619000 194.457600 195 186 180
-1.276100 3.598400 194.403200 204 197 193
-1.276100 3.616100 194.431500 179 193 189
-1.276000 3.593600 194.401400 206 187 198
-1.275900 3.617900 194.442000 174 179 181
-1.275900 3.620800 194.469800 169 169 164
-1.275900 3.621800 194.474800 155 149 148
-1.275800 3.617900 194.443900 183 184 184
-1.275800 3.619800 194.461300 166 183 172
-1.275800 3.620800 194.466300 180 168 177
-1.275800 3.621800 194.476600 176 155 164
-1.275700 3.616500 194.477100 107 116 111
-1.275600 3.597100 194.404200 198 190 187
-1.275500 3.591400 194.402800 196 190 205
-1.275500 3.592400 194.402400 204 193 204
-1.275500 3.614700 194.430800 191 192 184
-1.275500 3.620700 194.468400 167 172 172
-1.275400 3.618400 194.478300 133 111 122
-1.275400 3.618500 194.460400 184 173 173
-1.275300 3.612700 194.422500 179 186 182
-1.275100 3.598900 194.405800 192 198 184
-1.275100 3.607600 194.413500 195 191 181
-1.275100 3.619500 194.469200 168 174 167
-1.275000 3.595000 194.403800 194 188 194
-1.275000 3.603700 194.409700 191 184 186
-1.275000 3.613500 194.426100 172 184 185
-1.275000 3.619400 194.464000 179 179 163
-1.275000 3.619400 194.467600 180 176 183
-1.274900 3.600800 194.407100 187 187 176
-1.274900 3.613400 194.428100 194 183 195
-1.274700 3.612400 194.425000 188 191 182
-1.274700 3.619300 194.466100 169 179 173
-1.274600 3.593800 194.404600 205 199 204
-1.274500 3.597700 194.406900 196 195 179
-1.274500 3.616200 194.442100 187 172 188
-1.274400 3.595700 194.405900 198 191 190
-1.274400 3.599600 194.408100 195 193 179
-1.274400 3.617000 194.478000 137 113 120
-1.274300 3.612200 194.427300 173 187 187
-1.274300 3.613100 194.430700 189 185 187
-1.274200 3.615200 194.435500 181 188 179
-1.274100 3.604300 194.412100 199 176 182
-1.274100 3.616100 194.440700 184 179 188
-1.274100 3.617900 194.477900 144 127 131
-1.274000 3.602400 194.411000 191 186 187
-1.273900 3.601200 194.409800 193 188 195
-1.273800 3.575100 194.480500 119 109 109
-1.273700 3.600300 194.410400 198 191 196
-1.273700 3.605100 194.414000 193 186 187
-1.273600 3.577100 194.479900 141 108 98
-1.273500 3.606900 194.417200 190 187 183
-1.273500 3.615800 194.439500 183 186 184
-1.273400 3.610700 194.423200 166 185 172
-1.273400 3.614500 194.478100 126 122 134
-1.273300 3.613800 194.435000 180 188 179
-1.273000 3.605700 194.416300 188 188 178
-1.272900 3.614600 194.438800 180 180 170
-1.272800 3.604700 194.416900 184 186 185
-1.272800 3.610400 194.425800 188 189 189
-1.272700 3.578800 194.480100 115 110 111
-1.272400 3.605400 194.418900 192 196 193
-1.272400 3.609400 194.422800 179 172 166
-1.272200 3.579600 194.480300 112 104 106
-1.272100 3.607100 194.420300 194 195 185
-1.272000 3.611800 194.478700 102 110 103
-1.271900 3.580500 194.480200 130 100 108
-1.271800 3.606100 194.421000 193 195 190
-1.271800 3.608000 194.422100 204 196 184
-1.271700 3.612700 194.478500 117 123 122
-1.271400 3.581300 194.480300 121 101 100
-1.271400 3.604500 194.478500 106 109 102
-1.271200 3.602600 194.477600 119 111 106
-1.271200 3.608500 194.478900 119 111 103
-1.271200 3.609400 194.478500 112 120 107
-1.270800 3.583000 194.480200 122 116 127
-1.270800 3.584100 194.479900 106 104 120
-1.270600 3.578900 194.480200 155 158 160
-1.270500 3.610200 194.478800 116 119 116
-1.270400 3.584800 194.480000 93 97 112
-1.270200 3.585800 194.479700 108 113 128
-1.270100 3.605000 194.479400 77 113 97
-1.269900 3.605800 194.479300 63 110 80
-1.269700 3.586400 194.479900 118 118 124
-1.269600 3.593200 194.479200 110 104 102
-1.269600 3.602900 194.478900 121 112 113
-1.269500 3.587400 194.479700 122 119 127
-1.269500 3.588300 194.479400 123 116 122
-1.269100 3.594900 194.478900 119 110 102
-1.268900 3.589000 194.479600 126 122 116
-1.268900 3.599700 194.479100 135 128 117
-1.268900 3.603400 194.479400 120 126 113
-1.268300 3.590600 194.479600 135 131 135
-1.268300 3.595500 194.479500 121 109 107
-1.268100 3.596400 194.479300 121 109 118
-1.267900 3.598200 194.478800 162 151 146
-1.599200 3.583200 194.536500 124 99 105
-1.599200 3.592900 194.534200 152 105 121
-1.599000 3.586800 194.535800 108 107 93
-1.599000 3.599200 194.531200 100 84 80
-1.598900 3.601700 194.530700 116 74 77
-1.598800 3.600300 194.531100 112 92 66
-1.598700 3.595200 194.532300 100 99 61
-1.598600 3.581900 194.537200 130 110 114
-1.598600 3.602800 194.530600 120 76 99
-1.598500 3.577500 194.536500 126 118 94
-1.598500 3.597700 194.531800 80 83 65
-1.598400 3.582900 194.535400 115 109 96
-1.598400 3.584100 194.535000 120 117 110
-1.598400 3.589100 194.533900 103 104 108
-1.598400 3.592700 194.533100 82 106 72
-1.598400 3.604000 194.530500 120 81 94
-1.598400 3.611400 194.528700 86 77 82
-1.598300 3.576200 194.536900 125 124 103
-1.598300 3.585300 194.534900 106 87 108
-1.598300 3.591400 194.533400 91 102 94
-1.598300 3.605200 194.530200 119 80 83
-1.598200 3.590100 194.533800 104 105 114
-1.598200 3.596200 194.532400 95 92 66
-1.598100 3.581700 194.535800 115 112 105
-1.598100 3.586500 194.534800 136 101 106
-1.598100 3.587600 194.534500 131 118 118
-1.598100 3.593700 194.533100 101 106 63
-1.598100 3.607600 194.529800 90 76 81
-1.598000 3.606200 194.530200 109 86 63
-1.598000 3.608800 194.529700 100 84 99
-1.597900 3.560700 194.535300 139 142 141
-1.597900 3.573800 194.536000 140 130 133
-1.597900 3.579500 194.536400 124 119 112
-1.597900 3.580700 194.536100 115 113 109
-1.597700 3.564200 194.534700 142 141 129
-1.597600 3.559300 194.535800 141 140 140
-1.597500 3.557900 194.534500 144 144 130
-1.597500 3.577200 194.535500 130 119 103
-1.597400 3.571200 194.535100 128 136 105
-1.597400 3.574900 194.536000 134 130 126
-1.597400 3.575900 194.535900 131 123 114
-1.597300 3.560500 194.534000 158 137 127
-1.597300 3.563000 194.535200 156 128 130
-1.597200 3.559200 194.534300 171 140 136
-1.597200 3.565300 194.534800 136 139 122
-1.597200 3.613500 194.527300 103 88 60
-1.597100 3.556700 194.533200 152 140 138
-1.596900 3.555400 194.533600 157 134 139
-1.596800 3.566300 194.534900 137 137 123
-1.596800 3.612100 194.527900 110 90 85
-1.596700 3.554200 194.532300 171 146 168
-1.596700 3.568600 194.534500 135 132 134
-1.596400 3.609400 194.528800 110 83 79
-1.596400 3.610800 194.528500 117 93 102
-1.596100 3.555100 194.532500 163 148 147
-1.596100 3.572000 194.535900 119 132 123
-1.596000 3.552700 194.531300 186 158 152
-1.596000 3.554000 194.531100 172 158 153
-1.595900 3.552700 194.529700 164 148 130
-1.595700 3.551400 194.528300 148 153 133
-1.595200 3.547800 194.527600 171 156 163
-1.595200 3.548900 194.527400 163 157 155
-1.595200 3.550300 194.528900 129 157 135
-1.595200 3.611600 194.527400 105 98 82
-1.595200 3.617800 194.520600 115 92 66
-1.594600 3.546500 194.526600 157 158 153
-1.594500 3.544100 194.525500 168 150 148
-1.594500 3.547600 194.526400 150 154 146
-1.594500 3.615100 194.523500 109 92 69
-1.594300 3.612500 194.526000 130 86 103
-1.594200 3.545200 194.525400 169 155 151
-1.594000 3.618700 194.519400 92 99 73
-1.593700 3.541500 194.523000 156 170 157
-1.593500 3.616100 194.522100 117 93 85
-1.593400 3.540400 194.521700 167 162 153
-1.593400 3.542400 194.523000 157 163 154
-1.593200 3.539200 194.520300 179 170 157
-1.593100 3.613300 194.524900 117 81 93
-1.592800 3.541200 194.522000 159 160 155
-1.592600 3.619400 194.518400 72 97 67
-1.592500 3.536700 194.517800 185 169 173
-1.592200 3.534400 194.514900 177 164 158
-1.592200 3.535600 194.516400 173 168 159
-1.592200 3.538900 194.519400 163 159 154
-1.591900 3.532100 194.513900 168 171 158
-1.591600 3.614100 194.524000 119 105 100
-1.591600 3.616500 194.521600 106 108 66
-1.591500 3.530700 194.512600 198 179 175
-1.591500 3.533000 194.514000 168 173 163
-1.591300 3.529600 194.509500 177 184 166
-1.591300 3.535300 194.515400 159 160 153
-1.590800 3.620000 194.517800 96 100 84
-1.590600 3.530400 194.511600 183 174 164
-1.590600 3.531700 194.513100 184 179 186
-1.590100 3.529200 194.508700 167 173 159
-1.590100 3.530300 194.510200 171 176 160
-1.589600 3.526800 194.504200 183 174 183
-1.589400 3.527900 194.505900 192 180 171
-1.589000 3.617000 194.521600 107 86 77
-1.588900 3.525600 194.501400 199 186 197
-1.588800 3.523300 194.494700 177 187 167
-1.588400 3.524200 194.498400 190 184 180
-1.588400 3.526500 194.503400 191 184 187
-1.588400 3.527700 194.504900 191 184 185
-1.588200 3.522000 194.486400 198 186 187
-1.588100 3.602800 194.527500 113 116 97
-1.588100 3.615300 194.522700 111 104 57
-1.587900 3.523000 194.491900 196 186 183
-1.587900 3.523000 194.493700 197 198 186
-1.587800 3.523000 194.490100 194 181 173
-1.587600 3.525200 194.500600 190 184 192
-1.587600 3.617600 194.520600 104 105 92
-1.587500 3.524000 194.497400 184 186 181
-1.587200 3.526100 194.502600 191 184 190
-1.587000 3.522800 194.489000 200 184 190
-1.586900 3.607400 194.525400 117 94 78
-1.586700 3.523700 194.496200 176 186 167
-1.586300 3.523600 194.494700 194 188 180
-1.586200 3.522500 194.487900 189 181 181
-1.585500 3.618100 194.520200 115 97 104
-1.584600 3.618900 194.518900 100 105 72
-1.583800 3.616300 194.521900 95 96 85
-1.581900 3.585900 194.535800 140 118 133
-1.581700 3.616700 194.521500 97 95 63
-1.581200 3.617700 194.519800 110 93 81
-1.580600 3.618700 194.518200 109 92 95
-1.579500 3.619600 194.517000 113 80 71
-1.577700 3.616400 194.520900 100 91 83
-1.576400 3.617200 194.519800 108 97 98
-1.574400 3.615300 194.521800 100 86 71
-1.574000 3.617600 194.519700 123 104 96
-1.573000 3.615900 194.520900 119 99 85
-1.571700 3.617800 194.519500 119 83 77
-1.570100 3.616200 194.521100 116 99 88
-1.569800 3.618300 194.519000 112 104 85
-1.567600 3.616300 194.521100 112 108 98
-1.567000 3.618500 194.519200 121 107 111
-1.566100 3.617000 194.520200 118 93 96
-1.563800 3.618400 194.519700 86 100 59
-1.562600 3.616900 194.521000 85 90 61
-1.560900 3.618600 194.520000 105 102 88
-1.560400 3.614900 194.523100 92 85 68
-1.558200 3.616400 194.522500 88 96 78
-1.557400 3.526400 194.505400 173 174 172
-1.557300 3.618500 194.520900 111 59 49
-1.554800 3.616400 194.523200 94 81 47
-1.554000 3.618400 194.521500 109 65 96
-1.553500 3.611200 194.527200 93 92 81
-1.552600 3.614400 194.525300 87 96 55
-1.552000 3.609700 194.528700 108 109 103
-1.551200 3.618700 194.521800 115 108 117
-1.550900 3.616100 194.524300 131 117 116
-1.550700 3.612500 194.527200 109 111 94
-1.550300 3.607700 194.530500 133 108 111
-1.550100 3.611100 194.528000 106 105 106
-1.549800 3.606500 194.531100 131 116 106
-1.549800 3.614500 194.525500 119 110 90
-1.549500 3.605200 194.531700 116 106 93
-1.549500 3.634500 194.488400 98 97 63
-1.549200 3.554600 194.533500 171 152 147
-1.549000 3.563600 194.536800 141 136 130
-1.549000 3.616600 194.523800 133 115 120
-1.548600 3.618900 194.521800 146 127 144
-1.548400 3.608300 194.529900 135 120 133
-1.548100 3.555400 194.534100 151 153 143
-1.548000 3.633900 194.487800 104 91 106
-1.547800 3.630100 194.505100 121 111 103
-1.547700 3.614900 194.525300 127 128 122
-1.547600 3.564300 194.537700 153 145 141
-1.547600 3.632500 194.495700 109 108 99
-1.547600 3.633800 194.486300 95 77 75
-1.547500 3.606700 194.531000 132 116 135
-1.547500 3.623100 194.516200 106 94 95
-1.547500 3.631400 194.501500 127 117 123
-1.547400 3.565200 194.537700 135 149 143
-1.547400 3.619500 194.520700 130 128 119
-1.547400 3.625500 194.512100 139 112 119
-1.547200 3.553900 194.533400 163 159 153
-1.547200 3.617200 194.523300 130 119 135
-1.547200 3.632300 194.494200 103 92 59
-1.547200 3.632400 194.492400 86 102 66
-1.547100 3.605400 194.531600 129 123 127
-1.547100 3.628800 194.506100 146 119 116
-1.547100 3.631200 194.500000 125 113 109
-1.547000 3.632300 194.490800 77 101 80
-1.546900 3.604300 194.532000 131 122 111
-1.546900 3.632300 194.489000 74 85 83
-1.546800 3.538900 194.521300 167 161 152
-1.546800 3.626300 194.510500 128 122 117
-1.546800 3.629800 194.502500 92 110 87
-1.546800 3.629800 194.504300 113 119 98
-1.546800 3.631100 194.493100 75 49 58
-1.546700 3.621700 194.517100 107 109 116
-1.546700 3.623800 194.514800 105 99 81
-1.546700 3.628600 194.504600 120 108 92
-1.546700 3.631100 194.498500 102 96 88
-1.546600 3.619300 194.519600 123 123 118
-1.546600 3.620400 194.519300 111 116 104
-1.546600 3.622800 194.515100 116 93 108
-1.546500 3.621600 194.515500 118 101 111
-1.546500 3.625100 194.511000 123 104 122
-1.546500 3.627200 194.508700 111 106 117
-1.546500 3.631000 194.495100 110 81 58
-1.546400 3.554900 194.533700 162 169 163
-1.546400 3.631000 194.497000 92 93 77
-1.546300 3.618000 194.521900 124 125 121
-1.546300 3.623700 194.513300 127 110 108
-1.546200 3.626100 194.509200 118 106 105
-1.546200 3.627100 194.507100 119 116 103
-1.546100 3.524300 194.487700 195 177 180
-1.546000 3.563800 194.537200 145 131 129
-1.545800 3.538600 194.520400 168 164 152
-1.545800 3.593100 194.535600 121 121 116
-1.545700 3.524200 194.486300 176 167 173
-1.545500 3.558200 194.535400 152 153 152
-1.545100 3.556800 194.534300 157 148 149
-1.545100 3.559000 194.535500 142 149 149
-1.544600 3.557900 194.534400 159 149 153
-1.543200 3.524500 194.486400 183 172 177
-1.542400 3.525300 194.490400 180 171 174
-1.542300 3.525300 194.488700 170 160 166
-1.541600 3.526100 194.489000 154 151 153
-1.541600 3.526100 194.490800 160 161 155
-1.540600 3.612600 194.486500 80 69 57
-1.539600 3.609900 194.489700 90 81 48
-1.539300 3.611000 194.487900 100 70 68
-1.538600 3.611900 194.486400 94 77 66
-1.537600 3.608000 194.491700 83 92 47
-1.537000 3.608900 194.490100 115 91 86
-1.535700 3.606200 194.493700 71 76 37
-1.535400 3.609500 194.489400 97 81 72
-1.534300 3.610300 194.488200 107 87 89
-1.533800 3.606600 194.493200 91 84 66
-1.532000 3.604800 194.495000 97 88 70
-1.531900 3.607100 194.492700 97 83 66
-1.529600 3.607400 194.492600 94 102 85
-1.529300 3.605000 194.495300 107 85 66
-1.527400 3.603100 194.497200 98 82 49
-1.526200 3.605000 194.495800 73 83 60
-1.525600 3.601300 194.499000 76 80 52
-1.524700 3.603400 194.497300 92 93 90
-1.523900 3.605300 194.495700 63 74 39
-1.523000 3.601500 194.499100 91 78 81
-1.521400 3.603200 194.498100 58 70 41
-1.520400 3.601800 194.499300 57 64 52
-1.518800 3.600000 194.500900 88 75 78
-1.517900 3.603100 194.499000 96 86 49
-1.517700 3.598500 194.502200 82 66 69
-1.516900 3.597200 194.503200 75 77 58
-1.516100 3.601300 194.500800 93 83 61
-1.515400 3.600000 194.501700 105 92 70
-1.514000 3.598300 194.503300 101 77 77
-1.513500 3.597000 194.504000 93 71 79
-1.513000 3.595800 194.504700 70 65 61
-1.510900 3.600600 194.503300 111 97 72
-1.509200 3.598800 194.505000 100 76 61
-1.508800 3.597500 194.505700 103 81 56
-1.506800 3.549000 194.493000 168 164 155
-1.506700 3.548000 194.491600 171 176 170
-1.505900 3.599900 194.505400 122 112 61
-1.505300 3.550700 194.495600 169 157 160
-1.505000 3.598400 194.506600 119 101 68
-1.503500 3.582000 194.512100 109 81 75
-1.503000 3.601200 194.505600 129 116 109
-1.502700 3.599800 194.506200 111 97 83
-1.502100 3.561600 194.507700 126 122 104
-1.501000 3.602600 194.504900 119 117 96
-1.499500 3.601000 194.506500 115 107 94
-1.499300 3.542400 194.486300 179 166 164
-1.499300 3.544500 194.491100 168 167 153
-1.499100 3.604200 194.504200 111 113 106
-1.497900 3.602600 194.505600 129 118 108
-1.496900 3.605500 194.503700 136 116 116
-1.496300 3.607600 194.501800 151 129 126
-1.495800 3.604100 194.504900 142 120 121
-1.494600 3.605900 194.503500 122 126 119
-1.493700 3.607600 194.502100 120 102 90
-1.492700 3.606200 194.503200 97 99 75
-1.491800 3.608200 194.501500 119 92 87
-1.491100 3.612400 194.495500 124 110 111
-1.490500 3.608700 194.500600 120 119 87
-1.490100 3.607500 194.501300 119 113 89
-1.489600 3.609600 194.499300 118 116 95
-1.489500 3.613000 194.494900 131 119 116
-1.488300 3.610200 194.498400 126 120 113
-1.488000 3.607800 194.501100 119 120 105
-1.486900 3.608600 194.499900 127 122 114
-1.486800 3.610800 194.497500 120 121 102
-1.484700 3.611100 194.497300 128 120 108
-1.484400 3.608700 194.500000 119 118 93
-1.481600 3.608800 194.500300 118 119 89
-1.480500 3.610600 194.499000 124 113 99
-1.480300 3.607200 194.501800 123 105 83
-1.479400 3.609100 194.500200 112 116 92
-1.477300 3.607200 194.502400 66 108 67
-1.475400 3.608600 194.501600 126 106 88
-1.475000 3.607500 194.502300 125 97 88
-1.474100 3.609300 194.500700 113 105 104
-1.471600 3.607200 194.503300 131 108 106
-1.470500 3.609100 194.501800 120 116 103
-1.469500 3.607600 194.503000 117 118 98
-1.468100 3.609300 194.501800 128 121 119
-1.466900 3.607700 194.503200 136 121 135
-1.464700 3.608000 194.503100 100 115 114
-1.464200 3.611400 194.499000 129 118 102
-1.463700 3.613500 194.495200 123 109 117
-1.463500 3.608700 194.502100 101 102 89
-1.463400 3.612300 194.497600 122 84 113
-1.462700 3.609500 194.500700 110 110 79
-1.461900 3.610500 194.499200 121 105 110
-1.461800 3.613900 194.494700 132 107 103
-1.461400 3.609000 194.500100 112 107 89
-1.461400 3.611500 194.497600 115 103 116
-1.460100 3.612100 194.496600 109 109 83
-1.458100 3.612500 194.496300 124 105 99
-1.456200 3.612800 194.496000 108 94 94
-1.456100 3.610600 194.498500 120 103 97
-1.455800 3.613800 194.494200 128 112 108
-1.454600 3.611100 194.497700 119 100 111
-1.452300 3.611300 194.497700 122 106 95
-1.451100 3.609700 194.499100 118 105 112
-1.451100 3.612000 194.496600 120 93 94
-1.449100 3.610000 194.498800 120 102 85
-1.449000 3.612200 194.496500 108 121 103
-1.447900 3.610700 194.497800 106 109 69
-1.446100 3.611100 194.497300 119 112 97
-1.445000 3.611700 194.496300 121 118 114
-1.443700 3.610100 194.497700 113 106 100
-1.442500 3.610800 194.496700 117 107 102
-1.442300 3.588400 194.510600 121 121 113
-1.441600 3.611600 194.495400 104 112 108
-1.440300 3.586700 194.510900 136 128 129
-1.440300 3.612100 194.494500 113 120 116
-1.440000 3.589800 194.510200 110 108 107
-1.439700 3.588700 194.510700 121 117 112
-1.439300 3.612900 194.493300 109 115 111
-1.439200 3.610600 194.495900 120 113 114
-1.439100 3.587300 194.511600 128 120 118
-1.438800 3.586100 194.510500 138 119 132
-1.438200 3.611300 194.494700 108 113 111
-1.438100 3.588100 194.510500 120 112 125
-1.438000 3.586800 194.510900 119 107 118
-1.437100 3.586500 194.509900 128 119 124
-1.436700 3.611900 194.493900 99 112 102
-1.435700 3.612400 194.492800 128 121 113
-1.435000 3.613500 194.491200 103 121 108
-1.433900 3.614000 194.490100 127 119 97
-1.432400 3.612400 194.491800 125 121 107
-1.432000 3.613300 194.490200 120 117 100
-1.431400 3.614100 194.488600 123 126 122
-1.430300 3.612600 194.489900 111 121 118
-1.428900 3.613100 194.489200 121 122 114
-1.428600 3.614100 194.487300 124 118 111
-1.426700 3.613400 194.487200 128 124 120
-1.407000 3.582800 194.491500 146 151 154
-1.405200 3.588800 194.491100 124 122 123
-1.404000 3.589500 194.490100 120 110 109
-1.313700 3.634900 194.474100 127 132 135
-1.312000 3.636400 194.460600 169 172 171
-1.311500 3.636200 194.459300 141 166 148
-1.310700 3.635700 194.465700 167 179 185
-1.310600 3.635800 194.458400 149 140 157
-1.310300 3.635600 194.467800 159 172 186
-1.310000 3.635400 194.469900 154 175 178
-1.309900 3.635400 194.457400 139 141 118
-1.309300 3.635100 194.472400 166 148 152
-1.309100 3.635100 194.456400 130 109 114
-1.309000 3.634900 194.474600 134 123 134
-1.308500 3.635800 194.462100 162 163 152
-1.308500 3.635800 194.465700 162 173 171
-1.308300 3.635700 194.467700 154 166 173
-1.307800 3.635500 194.461000 168 150 158
-1.307400 3.635300 194.470500 122 166 160
-1.307000 3.635100 194.460000 153 145 155
-1.306600 3.634900 194.473100 117 148 141
-1.306600 3.634900 194.474900 126 124 120
-1.302000 3.635000 194.475200 111 119 108
